dt   Re(C(t))    Im(C(t))   Re(F(t))    Im(F(t))
  0.0000    0.867359    0.000000    0.867359    0.000000
  0.5000    0.804860    0.320708    0.804860    0.320708
  1.0000    0.628171    0.583234    0.628171    0.583234
  1.5000    0.367646    0.743369    0.367646    0.743369
  2.0000    0.067256    0.777720    0.067256    0.777720
  2.5000   -0.223955    0.687886   -0.223955    0.687886
  3.0000   -0.461213    0.499219   -0.461213    0.499219
  3.5000   -0.612186    0.254525   -0.612186    0.254525
  4.0000   -0.662354    0.004216   -0.662354    0.004216
  4.5000   -0.616500   -0.204813   -0.616500   -0.204813
  5.0000   -0.496179   -0.339048   -0.496179   -0.339048
  5.5000   -0.333837   -0.384781   -0.333837   -0.384781
  6.0000   -0.165012   -0.349706   -0.165012   -0.349706
  6.5000   -0.020412   -0.259487   -0.020412   -0.259487
  7.0000    0.080351   -0.150230    0.080351   -0.150230
  7.5000    0.132014   -0.058754    0.132014   -0.058754
  8.0000    0.143265   -0.013038    0.143265   -0.013038
  8.5000    0.132927   -0.025139    0.132927   -0.025139
  9.0000    0.123748   -0.088292    0.123748   -0.088292
  9.5000    0.135381   -0.178838    0.135381   -0.178838
 10.0000    0.178299   -0.262523    0.178299   -0.262523
 10.5000    0.250194   -0.303612    0.250194   -0.303612
 11.0000    0.335788   -0.274609    0.335788   -0.274609
 11.5000    0.410171   -0.164206    0.410171   -0.164206
 12.0000    0.444934    0.018518    0.444934    0.018518
 12.5000    0.415676    0.244755    0.415676    0.244755
 13.0000    0.309078    0.471449    0.309078    0.471449
 13.5000    0.127800    0.650418    0.127800    0.650418
 14.0000   -0.108090    0.739109   -0.108090    0.739109
 14.5000   -0.363682    0.710491   -0.363682    0.710491
 15.0000   -0.595393    0.559841   -0.595393    0.559841
 15.5000   -0.759521    0.306783   -0.759521    0.306783
 16.0000   -0.821367   -0.007938   -0.821367   -0.007938
 16.5000   -0.762927   -0.330323   -0.762927   -0.330323
 17.0000   -0.587412   -0.603927   -0.587412   -0.603927
 17.5000   -0.319527   -0.781263   -0.319527   -0.781263
 18.0000   -0.001325   -0.833306   -0.001325   -0.833306
 18.5000    0.315571   -0.755055    0.315571   -0.755055
 19.0000    0.579782   -0.565976    0.579782   -0.565976
 19.5000    0.749979   -0.305306    0.749979   -0.305306
 20.0000    0.802615   -0.023333    0.802615   -0.023333
 20.5000    0.735968    0.229342    0.735968    0.229342
 21.0000    0.569680    0.412175    0.569680    0.412175
 21.5000    0.339954    0.502396    0.339954    0.502396
 22.0000    0.091517    0.498453    0.091517    0.498453
 22.5000   -0.131852    0.418564   -0.131852    0.418564
 23.0000   -0.296135    0.294898   -0.296135    0.294898
 23.5000   -0.383324    0.164872   -0.383324    0.164872
 24.0000   -0.393813    0.061709   -0.393813    0.061709
 24.5000   -0.344510    0.006494   -0.344510    0.006494
 25.0000   -0.263275    0.003595   -0.263275    0.003595
 25.5000   -0.181062    0.040443   -0.181062    0.040443
 26.0000   -0.123730    0.091668   -0.123730    0.091668
 26.5000   -0.105457    0.126487   -0.105457    0.126487
 27.0000   -0.125365    0.117508   -0.125365    0.117508
 27.5000   -0.168139    0.048767   -0.168139    0.048767
 28.0000   -0.208473   -0.079009   -0.208473   -0.079009
 28.5000   -0.218264   -0.247250   -0.218264   -0.247250
 29.0000   -0.174775   -0.422870   -0.174775   -0.422870
 29.5000   -0.067751   -0.565393   -0.067751   -0.565393
 30.0000    0.096339   -0.636252    0.096339   -0.636252
 30.5000    0.294072   -0.608140    0.294072   -0.608140
 31.0000    0.489102   -0.472217    0.489102   -0.472217
 31.5000    0.639649   -0.241445    0.639649   -0.241445
 32.0000    0.707819    0.050809    0.707819    0.050809
 32.5000    0.668648    0.356712    0.668648    0.356712
 33.0000    0.516757    0.623222    0.516757    0.623222
 33.5000    0.268979    0.802687    0.268979    0.802687
 34.0000   -0.037774    0.862487   -0.037774    0.862487
 34.5000   -0.353099    0.791656   -0.353099    0.791656
 35.0000   -0.622826    0.603040   -0.622826    0.603040
 35.5000   -0.799811    0.330565   -0.799811    0.330565
 36.0000   -0.853469    0.022229   -0.853469    0.022229
 36.5000   -0.775977   -0.269616   -0.775977   -0.269616
 37.0000   -0.583756   -0.498583   -0.583756   -0.498583
 37.5000   -0.313921   -0.632966   -0.313921   -0.632966
 38.0000   -0.016469   -0.661032   -0.016469   -0.661032
 38.5000    0.256094   -0.591880    0.256094   -0.591880
 39.0000    0.459380   -0.451861    0.459380   -0.451861
 39.5000    0.565709   -0.277526    0.565709   -0.277526
 40.0000    0.568816   -0.106825    0.568816   -0.106825
 40.5000    0.483713    0.029393    0.483713    0.029393
 41.0000    0.341883    0.113646    0.341883    0.113646
 41.5000    0.183004    0.144513    0.183004    0.144513
 42.0000    0.045207    0.135279    0.045207    0.135279
 42.5000   -0.043854    0.108989   -0.043854    0.108989
 43.0000   -0.073024    0.091256   -0.073024    0.091256
 43.5000   -0.049411    0.102622   -0.049411    0.102622
 44.0000    0.004466    0.152388    0.004466    0.152388
 44.5000    0.057384    0.235449    0.057384    0.235449
 45.0000    0.078299    0.332925    0.078299    0.332925
 45.5000    0.045224    0.416494    0.045224    0.416494
 46.0000   -0.048131    0.455416   -0.048131    0.455416
 46.5000   -0.189616    0.424588   -0.189616    0.424588
 47.0000   -0.350566    0.311712   -0.350566    0.311712
 47.5000   -0.492040    0.121807   -0.492040    0.121807
 48.0000   -0.573978   -0.122100   -0.573978   -0.122100
 48.5000   -0.565133   -0.382409   -0.565133   -0.382409
 49.0000   -0.451449   -0.613887   -0.451449   -0.613887
 49.5000   -0.240805   -0.772670   -0.240805   -0.772670
 50.0000    0.037096   -0.825396    0.037096   -0.825396
 50.5000    0.335840   -0.756478    0.335840   -0.756478
 51.0000    0.601410   -0.571906    0.601410   -0.571906
 51.5000    0.783322   -0.298701    0.783322   -0.298701
 52.0000    0.845347    0.019903    0.845347    0.019903
 52.5000    0.773412    0.332584    0.773412    0.332584
 53.0000    0.578895    0.589644    0.578895    0.589644
 53.5000    0.296523    0.752305    0.296523    0.752305
 54.0000   -0.022690    0.799660   -0.022690    0.799660
 54.5000   -0.321933    0.731878   -0.321933    0.731878
 55.0000   -0.550206    0.569113   -0.550206    0.569113
 55.5000   -0.672501    0.346441   -0.672501    0.346441
 56.0000   -0.676344    0.106063   -0.676344    0.106063
 56.5000   -0.573302   -0.111503   -0.573302   -0.111503
 57.0000   -0.395239   -0.275293   -0.395239   -0.275293
 57.5000   -0.186253   -0.369196   -0.186253   -0.369196
 58.0000    0.007766   -0.393630    0.007766   -0.393630
 58.5000    0.149525   -0.363422    0.149525   -0.363422
 59.0000    0.218290   -0.302558    0.218290   -0.302558
 59.5000    0.213618   -0.237168    0.213618   -0.237168
 60.0000    0.154093   -0.188483    0.154093   -0.188483
 60.5000    0.071478   -0.167459    0.071478   -0.167459
 61.0000    0.001762   -0.172320    0.001762   -0.172320
 61.5000   -0.024672   -0.189578   -0.024672   -0.189578
 62.0000    0.008640   -0.198236    0.008640   -0.198236
 62.5000    0.099504   -0.176104    0.099504   -0.176104
 63.0000    0.227073   -0.106676    0.227073   -0.106676
 63.5000    0.356655    0.015172    0.356655    0.015172
 64.0000    0.448203    0.180121    0.448203    0.180121
 64.5000    0.466487    0.364848    0.466487    0.364848
 65.0000    0.390510    0.536007    0.390510    0.536007
 65.5000    0.219874    0.656992    0.219874    0.656992
 66.0000   -0.023520    0.696007   -0.023520    0.696007
 66.5000   -0.298964    0.633650   -0.298964    0.633650
 67.0000   -0.554979    0.468262   -0.554979    0.468262
 67.5000   -0.740131    0.217749   -0.740131    0.217749
 68.0000   -0.814248   -0.082662   -0.814248   -0.082662
 68.5000   -0.757477   -0.386409   -0.757477   -0.386409
 69.0000   -0.575120   -0.644135   -0.575120   -0.644135
 69.5000   -0.297097   -0.813057   -0.297097   -0.813057
 70.0000    0.027890   -0.865198    0.027890   -0.865198
 70.5000    0.342243   -0.792781    0.342243   -0.792781
 71.0000    0.591233   -0.609624    0.591233   -0.609624
 71.5000    0.734054   -0.348271    0.734054   -0.348271
 72.0000    0.751763   -0.053481    0.751763   -0.053481
 72.5000    0.650386    0.226559    0.650386    0.226559
 73.0000    0.458598    0.449412    0.458598    0.449412
 73.5000    0.220600    0.586066    0.220600    0.586066
 74.0000   -0.014108    0.625537   -0.014108    0.625537
 74.5000   -0.201698    0.575547   -0.201698    0.575547
 75.0000   -0.313215    0.459267   -0.313215    0.459267
 75.5000   -0.339976    0.309018   -0.339976    0.309018
 76.0000   -0.294031    0.158415   -0.294031    0.158415
 76.5000   -0.203724    0.034807   -0.203724    0.034807
 77.0000   -0.105532   -0.046306   -0.105532   -0.046306
 77.5000   -0.034223   -0.083651   -0.034223   -0.083651
 78.0000   -0.013734   -0.088927   -0.013734   -0.088927
 78.5000   -0.050975   -0.082327   -0.050975   -0.082327
 79.0000   -0.134053   -0.086008   -0.134053   -0.086008
 79.5000   -0.235329   -0.117178   -0.235329   -0.117178
 80.0000   -0.318574   -0.182519   -0.318574   -0.182519
 80.5000   -0.348496   -0.275382   -0.348496   -0.275382
 81.0000   -0.300318   -0.376511   -0.300318   -0.376511
 81.5000   -0.167086   -0.458212   -0.167086   -0.458212
 82.0000    0.037141   -0.491059    0.037141   -0.491059
 82.5000    0.279068   -0.451573    0.279068   -0.451573
 83.0000    0.512638   -0.329045    0.512638   -0.329045
 83.5000    0.688795   -0.129829    0.688795   -0.129829
 84.0000    0.766360    0.122080    0.766360    0.122080
 84.5000    0.721551    0.388487    0.721551    0.388487
 85.0000    0.553941    0.623882    0.553941    0.623882
 85.5000    0.287460    0.784389    0.287460    0.784389
 86.0000   -0.033861    0.836872   -0.033861    0.836872
 86.5000   -0.354534    0.766209   -0.354534    0.766209
 87.0000   -0.618753    0.579094   -0.618753    0.579094
 87.5000   -0.781626    0.303458   -0.781626    0.303458
 88.0000   -0.818039   -0.016464   -0.818039   -0.016464
 88.5000   -0.727258   -0.328452   -0.727258   -0.328452
 89.0000   -0.532331   -0.582276   -0.532331   -0.582276
 89.5000   -0.274503   -0.739241   -0.274503   -0.739241
 90.0000   -0.003983   -0.779302   -0.003983   -0.779302
 90.5000    0.230826   -0.704269    0.230826   -0.704269
 91.0000    0.393227   -0.536470    0.393227   -0.536470
 91.5000    0.465072   -0.313272    0.465072   -0.313272
 92.0000    0.449155   -0.078687    0.449155   -0.078687
 92.5000    0.366754    0.126009    0.366754    0.126009
 93.0000    0.251081    0.270586    0.251081    0.270586
 93.5000    0.138310    0.341294    0.138310    0.341294
 94.0000    0.058368    0.342300    0.058368    0.342300
 94.5000    0.027702    0.292941    0.027702    0.292941
 95.0000    0.045697    0.221567    0.045697    0.221567
 95.5000    0.095554    0.157532    0.095554    0.157532
 96.0000    0.149331    0.123288    0.149331    0.123288
 96.5000    0.175887    0.128514    0.175887    0.128514
 97.0000    0.149732    0.167692    0.149732    0.167692
 97.5000    0.058624    0.221719    0.058624    0.221719
 98.0000   -0.092011    0.263174   -0.092011    0.263174
 98.5000   -0.278971    0.263955   -0.278971    0.263955
 99.0000   -0.465611    0.203433   -0.465611    0.203433
 99.5000   -0.609708    0.075084   -0.609708    0.075084
100.0000   -0.673094   -0.110096   -0.673094   -0.110096
100.5000   -0.630828   -0.324371   -0.630828   -0.324371
101.0000   -0.477800   -0.528235   -0.477800   -0.528235
101.5000   -0.231160   -0.678573   -0.231160   -0.678573
102.0000    0.072064   -0.738236    0.072064   -0.738236
102.5000    0.381747   -0.684856    0.381747   -0.684856
103.0000    0.644418   -0.516848    0.644418   -0.516848
103.5000    0.813911   -0.255132    0.813911   -0.255132
104.0000    0.860611    0.059982    0.860611    0.059982
104.5000    0.777310    0.376184    0.777310    0.376184
105.0000    0.580437    0.639326    0.580437    0.639326
105.5000    0.306439    0.804200    0.306439    0.804200
106.0000    0.004148    0.843593    0.004148    0.843593
106.5000   -0.275169    0.753665   -0.275169    0.753665
107.0000   -0.487900    0.554451   -0.487900    0.554451
107.5000   -0.606171    0.285411   -0.606171    0.285411
108.0000   -0.622251   -0.002999   -0.622251   -0.002999
108.5000   -0.548465   -0.259864   -0.548465   -0.259864
109.0000   -0.412840   -0.444126   -0.412840   -0.444126
109.5000   -0.251620   -0.532439   -0.251620   -0.532439
110.0000   -0.100477   -0.522876   -0.100477   -0.522876
110.5000    0.013520   -0.433782    0.013520   -0.433782
111.0000    0.077375   -0.298151    0.077375   -0.298151
111.5000    0.093884   -0.154946    0.093884   -0.154946
112.0000    0.079359   -0.039444    0.079359   -0.039444
112.5000    0.058025    0.025105    0.058025    0.025105
113.0000    0.054567    0.032559    0.054567    0.032559
113.5000    0.086693   -0.005455    0.086693   -0.005455
114.0000    0.159577   -0.063389    0.159577   -0.063389
114.5000    0.263584   -0.109162    0.263584   -0.109162
115.0000    0.375864   -0.113242    0.375864   -0.113242
115.5000    0.465511   -0.057191    0.465511   -0.057191
116.0000    0.501097    0.060473    0.501097    0.060473
116.5000    0.458814    0.222602    0.458814    0.222602
117.0000    0.329289    0.396437    0.329289    0.396437
117.5000    0.121397    0.540740    0.121397    0.540740
118.0000   -0.137933    0.615420   -0.137933    0.615420
118.5000   -0.408017    0.591429   -0.408017    0.591429
119.0000   -0.642022    0.458583   -0.642022    0.458583
119.5000   -0.796260    0.229386   -0.796260    0.229386
120.0000   -0.839212   -0.062168   -0.839212   -0.062168
120.5000   -0.758302   -0.366701   -0.758302   -0.366701
121.0000   -0.562937   -0.629231   -0.562937   -0.629231
121.5000   -0.283129   -0.800503   -0.283129   -0.800503
122.0000    0.036055   -0.847378    0.036055   -0.847378
122.5000    0.343057   -0.759976    0.343057   -0.759976
123.0000    0.589596   -0.553930    0.589596   -0.553930
123.5000    0.739632   -0.267244    0.739632   -0.267244
124.0000    0.775654    0.047587    0.775654    0.047587
124.5000    0.701077    0.334451    0.701077    0.334451
125.0000    0.538342    0.545105    0.538342    0.545105
125.5000    0.323282    0.648725    0.323282    0.648725
126.0000    0.097080    0.637471    0.097080    0.637471
126.5000   -0.102363    0.526898   -0.102363    0.526898
127.0000   -0.247764    0.351236   -0.247764    0.351236
127.5000   -0.326958    0.154724   -0.326958    0.154724
128.0000   -0.343704   -0.018927   -0.343704   -0.018927
128.5000   -0.314809   -0.136491   -0.314809   -0.136491
129.0000   -0.264415   -0.182304   -0.264415   -0.182304
129.5000   -0.216906   -0.160869   -0.216906   -0.160869
130.0000   -0.190211   -0.094483   -0.190211   -0.094483
130.5000   -0.191105   -0.016535   -0.191105   -0.016535
131.0000   -0.213622    0.037819   -0.213622    0.037819
131.5000   -0.240955    0.041332   -0.240955    0.041332
132.0000   -0.250341   -0.017719   -0.250341   -0.017719
132.5000   -0.219727   -0.131834   -0.219727   -0.131834
133.0000   -0.134589   -0.275467   -0.134589   -0.275467
133.5000    0.006831   -0.410861    0.006831   -0.410861
134.0000    0.191202   -0.497193    0.191202   -0.497193
134.5000    0.391412   -0.500872    0.391412   -0.500872
135.0000    0.571350   -0.404542    0.571350   -0.404542
135.5000    0.693226   -0.212577    0.693226   -0.212577
136.0000    0.725828    0.048322    0.725828    0.048322
136.5000    0.651906    0.333728    0.651906    0.333728
137.0000    0.472970    0.590345    0.472970    0.590345
137.5000    0.210348    0.767212    0.210348    0.767212
138.0000   -0.097871    0.826747   -0.097871    0.826747
138.5000   -0.403470    0.753149   -0.403470    0.753149
139.0000   -0.657016    0.556231   -0.657016    0.556231
139.5000   -0.817209    0.269787   -0.817209    0.269787
140.0000   -0.858737   -0.055186   -0.858737   -0.055186
140.5000   -0.776997   -0.360942   -0.776997   -0.360942
141.0000   -0.588711   -0.594789   -0.588711   -0.594789
141.5000   -0.328327   -0.719675   -0.328327   -0.719675
142.0000   -0.040999   -0.721230   -0.040999   -0.721230
142.5000    0.226332   -0.609775    0.226332   -0.609775
143.0000    0.433891   -0.416962    0.433891   -0.416962
143.5000    0.556155   -0.187904    0.556155   -0.187904
144.0000    0.585670    0.029324    0.585670    0.029324
144.5000    0.532904    0.194379    0.532904    0.194379
145.0000    0.422327    0.283095    0.422327    0.283095
145.5000    0.285745    0.291809    0.285745    0.291809
146.0000    0.154497    0.236685    0.154497    0.236685
146.5000    0.052323    0.148328    0.052323    0.148328
147.0000   -0.009473    0.063095   -0.009473    0.063095
147.5000   -0.033513    0.013247   -0.033513    0.013247
148.0000   -0.034254    0.018372   -0.034254    0.018372
148.5000   -0.032900    0.080141   -0.032900    0.080141
149.0000   -0.050650    0.181683   -0.050650    0.181683
149.5000   -0.101967    0.291729   -0.101967    0.291729
150.0000   -0.189582    0.372550   -0.189582    0.372550
150.5000   -0.302523    0.389777   -0.302523    0.389777
151.0000   -0.417752    0.321731   -0.417752    0.321731
151.5000   -0.505124    0.165992   -0.505124    0.165992
152.0000   -0.534580   -0.058451   -0.534580   -0.058451
152.5000   -0.483919   -0.314097   -0.483919   -0.314097
153.0000   -0.345293   -0.552333   -0.345293   -0.552333
153.5000   -0.128814   -0.723729   -0.128814   -0.723729
154.0000    0.137714   -0.788937    0.137714   -0.788937
154.5000    0.413099   -0.727708    0.413099   -0.727708
155.0000    0.650300   -0.543980    0.650300   -0.543980
155.5000    0.805679   -0.265814    0.805679   -0.265814
156.0000    0.848004    0.059856    0.848004    0.059856
156.5000    0.765222    0.376543    0.765222    0.376543
157.0000    0.567503    0.629579    0.567503    0.629579
157.5000    0.285803    0.777059    0.285803    0.777059
158.0000   -0.033820    0.797972   -0.033820    0.797972
158.5000   -0.338979    0.695809   -0.338979    0.695809
159.0000   -0.581001    0.496928   -0.581001    0.496928
159.5000   -0.724127    0.244151   -0.724127    0.244151
160.0000   -0.751934   -0.012888   -0.751934   -0.012888
160.5000   -0.669675   -0.228433   -0.669675   -0.228433
161.0000   -0.502102   -0.369923   -0.502102   -0.369923
161.5000   -0.287347   -0.423914   -0.287347   -0.423914
162.0000   -0.068282   -0.397395   -0.068282   -0.397395
162.5000    0.116687   -0.314359    0.116687   -0.314359
163.0000    0.241342   -0.208611    0.241342   -0.208611
163.5000    0.296216   -0.114621    0.296216   -0.114621
164.0000    0.289079   -0.058670    0.289079   -0.058670
164.5000    0.241365   -0.052394    0.241365   -0.052394
165.0000    0.181507   -0.090252    0.181507   -0.090252
165.5000    0.136854   -0.151468    0.136854   -0.151468
166.0000    0.126165   -0.205940    0.126165   -0.205940
166.5000    0.154504   -0.222616    0.154504   -0.222616
167.0000    0.211803   -0.178311    0.211803   -0.178311
167.5000    0.275444   -0.064748    0.275444   -0.064748
168.0000    0.316282    0.107914    0.316282    0.107914
168.5000    0.306641    0.312017    0.306641    0.312017
169.0000    0.228354    0.507712    0.228354    0.507712
169.5000    0.078830    0.651489    0.078830    0.651489
170.0000   -0.126413    0.706013   -0.126413    0.706013
170.5000   -0.355537    0.649045   -0.355537    0.649045
171.0000   -0.566245    0.479346   -0.566245    0.479346
171.5000   -0.714539    0.218174   -0.714539    0.218174
172.0000   -0.764439   -0.094066   -0.764439   -0.094066
172.5000   -0.696474   -0.405378   -0.696474   -0.405378
173.0000   -0.512968   -0.662331   -0.512968   -0.662331
173.5000   -0.238811   -0.820658   -0.238811   -0.820658
174.0000    0.082602   -0.854003    0.082602   -0.854003
174.5000    0.397495   -0.758965    0.397495   -0.758965
175.0000    0.652221   -0.555389    0.652221   -0.555389
175.5000    0.803907   -0.281899    0.803907   -0.281899
176.0000    0.828951    0.012289    0.828951    0.012289
176.5000    0.727509    0.277434    0.727509    0.277434
177.0000    0.523024    0.473047    0.523024    0.473047
177.5000    0.256915    0.575254    0.256915    0.575254
178.0000   -0.020377    0.580281   -0.020377    0.580281
178.5000   -0.259987    0.503443   -0.259987    0.503443
179.0000   -0.424523    0.374063   -0.424523    0.374063
179.5000   -0.495110    0.227647   -0.495110    0.227647
180.0000   -0.474075    0.097213   -0.474075    0.097213
180.5000   -0.382797    0.005796   -0.382797    0.005796
181.0000   -0.255350   -0.038150   -0.255350   -0.038150
181.5000   -0.129510   -0.041498   -0.129510   -0.041498
182.0000   -0.037307   -0.023282   -0.037307   -0.023282
182.5000    0.002644   -0.008515    0.002644   -0.008515
183.0000   -0.010774   -0.020557   -0.010774   -0.020557
183.5000   -0.061622   -0.073985   -0.061622   -0.073985
184.0000   -0.121708   -0.169710   -0.121708   -0.169710
184.5000   -0.158556   -0.293625   -0.158556   -0.293625
185.0000   -0.144586   -0.419149   -0.144586   -0.419149
185.5000   -0.065219   -0.513157   -0.065219   -0.513157
186.0000    0.076120   -0.543942    0.076120   -0.543942
186.5000    0.257410   -0.489341    0.257410   -0.489341
187.0000    0.442133   -0.343127    0.442133   -0.343127
187.5000    0.587213   -0.118062    0.587213   -0.118062
188.0000    0.653011    0.155179    0.653011    0.155179
188.5000    0.613071    0.433156    0.613071    0.433156
189.0000    0.461293    0.667839    0.461293    0.667839
189.5000    0.214780    0.816126    0.214780    0.816126
190.0000   -0.088437    0.848653   -0.088437    0.848653
190.5000   -0.396450    0.756001   -0.396450    0.756001
191.0000   -0.653824    0.550951   -0.653824    0.550951
191.5000   -0.813002    0.266268   -0.813002    0.266268
192.0000   -0.844269   -0.051516   -0.844269   -0.051516
192.5000   -0.742041   -0.351024   -0.742041   -0.351024
193.0000   -0.526067   -0.585778   -0.526067   -0.585778
193.5000   -0.237273   -0.722728   -0.237273   -0.722728
194.0000    0.070852   -0.747843    0.070852   -0.747843
194.5000    0.343414   -0.667663    0.343414   -0.667663
195.0000    0.535343   -0.506641    0.535343   -0.506641
195.5000    0.620233   -0.300986    0.620233   -0.300986
196.0000    0.594870   -0.090470    0.594870   -0.090470
196.5000    0.478550    0.089948    0.478550    0.089948
197.0000    0.307444    0.216842    0.307444    0.216842
197.5000    0.125432    0.281988    0.125432    0.281988
198.0000   -0.026424    0.292305   -0.026424    0.292305
198.5000   -0.119287    0.266268   -0.119287    0.266268
199.0000   -0.142665    0.227797   -0.142665    0.227797
199.5000   -0.105868    0.199191   -0.105868    0.199191
200.0000   -0.034555    0.194834   -0.034555    0.194834
200.5000    0.036727    0.217242    0.036727    0.217242
201.0000    0.074149    0.256362    0.074149    0.256362
201.5000    0.053979    0.292322    0.053979    0.292322
202.0000   -0.030569    0.300942   -0.030569    0.300942
202.5000   -0.166734    0.260674   -0.166734    0.260674
203.0000   -0.324549    0.159265   -0.324549    0.159265
203.5000   -0.463633   -0.001520   -0.463633   -0.001520
204.0000   -0.542890   -0.204360   -0.542890   -0.204360
204.5000   -0.530821   -0.418551   -0.530821   -0.418551
205.0000   -0.413996   -0.605546   -0.413996   -0.605546
205.5000   -0.201624   -0.726751   -0.201624   -0.726751
206.0000    0.074985   -0.751899    0.074985   -0.751899
206.5000    0.368075   -0.666141    0.368075   -0.666141
207.0000    0.623045   -0.474237    0.623045   -0.474237
207.5000    0.789911   -0.200829    0.789911   -0.200829
208.0000    0.834077    0.113397    0.834077    0.113397
208.5000    0.743976    0.418949    0.743976    0.418949
209.0000    0.533870    0.666719    0.533870    0.666719
209.5000    0.241127    0.817229    0.241127    0.817229
210.0000   -0.081437    0.848031   -0.081437    0.848031
210.5000   -0.376450    0.757720   -0.376450    0.757720
211.0000   -0.593732    0.565754   -0.593732    0.565754
211.5000   -0.700287    0.308164   -0.700287    0.308164
212.0000   -0.686387    0.030114   -0.686387    0.030114
212.5000   -0.566472   -0.223094   -0.566472   -0.223094
213.0000   -0.374788   -0.414635   -0.374788   -0.414635
213.5000   -0.156859   -0.522612   -0.156859   -0.522612
214.0000    0.041163   -0.543053    0.041163   -0.543053
214.5000    0.182804   -0.488949    0.182804   -0.488949
215.0000    0.248868   -0.385726    0.248868   -0.385726
215.5000    0.240654   -0.264297    0.240654   -0.264297
216.0000    0.178152   -0.153383    0.178152   -0.153383
216.5000    0.093786   -0.072900    0.093786   -0.072900
217.0000    0.023296   -0.029914    0.023296   -0.029914
217.5000   -0.003991   -0.018040   -0.003991   -0.018040
218.0000    0.026899   -0.020350    0.026899   -0.020350
218.5000    0.112362   -0.014988    0.112362   -0.014988
219.0000    0.230747    0.017921    0.230747    0.017921
219.5000    0.347543    0.089821    0.347543    0.089821
220.0000    0.424008    0.199371    0.424008    0.199371
220.5000    0.427163    0.331339    0.427163    0.331339
221.0000    0.338768    0.459135    0.338768    0.459135
221.5000    0.161074    0.550513    0.161074    0.550513
222.0000   -0.082107    0.575176   -0.082107    0.575176
222.5000   -0.349392    0.512539   -0.349392    0.512539
223.0000   -0.590079    0.357822   -0.590079    0.357822
223.5000   -0.754869    0.124934   -0.754869    0.124934
224.0000   -0.806666   -0.154678   -0.806666   -0.154678
224.5000   -0.729009   -0.437144   -0.729009   -0.437144
225.0000   -0.530210   -0.674299   -0.530210   -0.674299
225.5000   -0.242237   -0.823152   -0.242237   -0.823152
226.0000    0.085480   -0.854686    0.085480   -0.854686
226.5000    0.395963   -0.760070    0.395963   -0.760070
227.0000    0.636167   -0.552901    0.636167   -0.552901
227.5000    0.767528   -0.266915    0.767528   -0.266915
228.0000    0.773285    0.050379    0.773285    0.050379
228.5000    0.661059    0.346862    0.661059    0.346862
229.0000    0.460209    0.575815    0.460209    0.575815
229.5000    0.214679    0.704676    0.214679    0.704676
230.0000   -0.026968    0.720725   -0.026968    0.720725
230.5000   -0.222037    0.632534   -0.222037    0.632534
231.0000   -0.342358    0.466975   -0.342358    0.466975
231.5000   -0.379219    0.262541   -0.379219    0.262541
232.0000   -0.343604    0.060542   -0.343604    0.060542
232.5000   -0.261849   -0.103828   -0.261849   -0.103828
233.0000   -0.167886   -0.208541   -0.167886   -0.208541
233.5000   -0.094046   -0.248398   -0.094046   -0.248398
234.0000   -0.062643   -0.234563   -0.062643   -0.234563
234.5000   -0.080380   -0.190210   -0.080380   -0.190210
235.0000   -0.136891   -0.143438   -0.136891   -0.143438
235.5000   -0.207726   -0.119213   -0.207726   -0.119213
236.0000   -0.261042   -0.132344   -0.261042   -0.132344
236.5000   -0.266334   -0.183213   -0.266334   -0.183213
237.0000   -0.203088   -0.257330   -0.203088   -0.257330
237.5000   -0.067195   -0.328873   -0.067195   -0.328873
238.0000    0.126458   -0.367383    0.126458   -0.367383
238.5000    0.345990   -0.346027    0.345990   -0.346027
239.0000    0.548735   -0.249428    0.548735   -0.249428
239.5000    0.690349   -0.079086    0.690349   -0.079086
240.0000    0.734767    0.145012    0.734767    0.145012
240.5000    0.662743    0.387172    0.662743    0.387172
241.0000    0.477006    0.602709    0.477006    0.602709
241.5000    0.202799    0.747194    0.202799    0.747194
242.0000   -0.116416    0.786227   -0.116416    0.786227
242.5000   -0.427214    0.703500   -0.427214    0.703500
243.0000   -0.676672    0.505310   -0.676672    0.505310
243.5000   -0.822805    0.220358   -0.822805    0.220358
244.0000   -0.842735   -0.105223   -0.842735   -0.105223
244.5000   -0.736873   -0.416652   -0.736873   -0.416652
245.0000   -0.528269   -0.661250   -0.528269   -0.661250
245.5000   -0.257346   -0.798856   -0.257346   -0.798856
246.0000    0.026743   -0.809669    0.026743   -0.809669
246.5000    0.276219   -0.697812    0.276219   -0.697812
247.0000    0.454022   -0.489886    0.454022   -0.489886
247.5000    0.540405   -0.228856    0.540405   -0.228856
248.0000    0.535465    0.035330    0.535465    0.035330
248.5000    0.457230    0.256296    0.457230    0.256296
249.0000    0.335926    0.400615    0.335926    0.400615
249.5000    0.205897    0.453975    0.205897    0.453975
250.0000    0.097144    0.422815    0.097144    0.422815
