- - - XXZ 4 qubits output qDRIFT signals, epsilon= 0.3  - - - 
Seed: 3468086169  Run: 4  Samples:  102826021   Time:  2892.74217701
dt   Re(C(t))    Im(C(t))
0.0000     1.888354    0.000000
0.2513     1.883877    0.118622
0.5025     1.870050    0.245634
0.7538     1.847456    0.370305
1.0050     1.817328    0.495938
1.2563     1.780773    0.612737
1.5075     1.740724    0.715959
1.7588     1.689129    0.826132
2.0101     1.626748    0.938321
2.2613     1.561763    1.036397
2.5126     1.489942    1.129381
2.7638     1.409743    1.218686
3.0151     1.326979    1.297799
3.2663     1.242725    1.366017
3.5176     1.157369    1.424869
3.7688     1.064716    1.478944
4.0201     0.963083    1.527756
4.2714     0.861676    1.548692
4.5226     0.760349    1.557883
4.7739     0.649875    1.559089
5.0251     0.537958    1.550027
5.2764     0.421473    1.533491
5.5276     0.309917    1.502345
5.7789     0.203916    1.464197
6.0302     0.093721    1.408385
6.2814     -0.014329    1.340356
6.5327     -0.118401    1.261584
6.7839     -0.218081    1.181027
7.0352     -0.314659    1.102218
7.2864     -0.412381    1.016325
7.5377     -0.502215    0.926997
7.7889     -0.571669    0.832949
8.0402     -0.630563    0.736010
8.2915     -0.682648    0.640216
8.5427     -0.731030    0.542450
8.7940     -0.773889    0.443299
9.0452     -0.810531    0.343732
9.2965     -0.839290    0.249565
9.5477     -0.861366    0.160598
9.7990     -0.877223    0.077649
10.0503     -0.887363    -0.001841
10.3015     -0.891760    -0.078411
10.5528     -0.890145    -0.148954
10.8040     -0.884766    -0.206161
11.0553     -0.873458    -0.260814
11.3065     -0.857963    -0.306510
11.5578     -0.839190    -0.342079
11.8090     -0.816229    -0.371442
12.0603     -0.791730    -0.391816
12.3116     -0.764748    -0.406726
12.5628     -0.736314    -0.409872
12.8141     -0.703956    -0.408191
13.0653     -0.671569    -0.395778
13.3166     -0.637575    -0.379383
13.5678     -0.604824    -0.350583
13.8191     -0.570021    -0.315171
14.0704     -0.537353    -0.273939
14.3216     -0.506434    -0.225135
14.5729     -0.476693    -0.171385
14.8241     -0.448921    -0.112440
15.0754     -0.424656    -0.055123
15.3266     -0.401855    0.010723
15.5779     -0.382776    0.075300
15.8291     -0.367212    0.139704
16.0804     -0.353765    0.209432
16.3317     -0.345533    0.275920
16.5829     -0.339965    0.343335
16.8342     -0.339447    0.408288
17.0854     -0.339811    0.473487
17.3367     -0.346021    0.534538
17.5879     -0.356555    0.591613
17.8392     -0.371027    0.644772
18.0905     -0.386260    0.693944
18.3417     -0.406844    0.735051
18.5930     -0.427696    0.770160
18.8442     -0.454844    0.796012
19.0955     -0.483808    0.814062
19.3467     -0.515394    0.824138
19.5980     -0.546028    0.827911
19.8492     -0.578619    0.822470
20.1005     -0.613361    0.807317
20.3518     -0.649202    0.783277
20.6030     -0.685714    0.750337
20.8543     -0.723845    0.706994
21.1055     -0.761198    0.654724
21.3568     -0.797379    0.593463
21.6080     -0.829768    0.526752
21.8593     -0.861252    0.450510
22.1106     -0.888269    0.370414
22.3618     -0.911961    0.285058
22.6131     -0.933821    0.189753
22.8643     -0.951158    0.090827
23.1156     -0.963765    -0.013711
23.3668     -0.972567    -0.116316
23.6181     -0.977583    -0.222701
23.8693     -0.975190    -0.335274
24.1206     -0.966995    -0.449338
24.3719     -0.953541    -0.564977
24.6231     -0.929290    -0.681400
24.8744     -0.903188    -0.789730
25.1256     -0.870909    -0.897519
25.3769     -0.831581    -1.004841
25.6281     -0.786813    -1.103422
25.8794     -0.734779    -1.198168
26.1307     -0.673484    -1.286424
26.3819     -0.605886    -1.371458
26.6332     -0.537345    -1.444991
26.8844     -0.459043    -1.512342
27.1357     -0.373196    -1.571660
27.3869     -0.285704    -1.620695
27.6382     -0.200373    -1.659825
27.8894     -0.105300    -1.690185
28.1407     -0.011245    -1.710558
28.3920     0.100309    -1.720761
28.6432     0.202783    -1.720506
28.8945     0.309970    -1.709332
29.1457     0.422293    -1.686869
29.3970     0.526164    -1.655973
29.6482     0.628583    -1.615880
29.8995     0.732260    -1.565782
30.1508     0.837957    -1.504603
30.4020     0.938253    -1.436176
30.6533     1.036809    -1.358389
30.9045     1.129082    -1.274664
31.1558     1.220108    -1.180848
31.4070     1.304287    -1.081917
31.6583     1.377583    -0.984238
31.9095     1.449572    -0.875742
32.1608     1.509065    -0.773864
32.4121     1.566645    -0.660173
32.6633     1.615378    -0.547943
32.9146     1.657581    -0.430037
33.1658     1.691038    -0.313027
33.4171     1.716412    -0.194181
33.6683     1.732433    -0.077544
33.9196     1.739732    0.042047
34.1709     1.737645    0.150243
34.4221     1.726895    0.255655
34.6734     1.708687    0.353968
34.9246     1.683196    0.449700
35.1759     1.650027    0.539382
35.4271     1.608646    0.622274
35.6784     1.560614    0.697737
35.9296     1.503455    0.769369
36.1809     1.442616    0.828610
36.4322     1.375018    0.881247
36.6834     1.296841    0.931539
36.9347     1.213883    0.971218
37.1859     1.127316    1.002140
37.4372     1.033625    1.028343
37.6884     0.938320    1.041962
37.9397     0.837684    1.051508
38.1910     0.728916    1.055271
38.4422     0.617972    1.047238
38.6935     0.510216    1.029421
38.9447     0.403354    1.004257
39.1960     0.295870    0.973669
39.4472     0.190267    0.938778
39.6985     0.084846    0.897939
39.9497     -0.016690    0.852749
40.2010     -0.115154    0.802593
40.4523     -0.208263    0.749409
40.7035     -0.299643    0.692684
40.9548     -0.385132    0.633768
41.2060     -0.468902    0.569875
41.4573     -0.543030    0.507451
41.7085     -0.607424    0.448798
41.9598     -0.667182    0.388321
42.2111     -0.721196    0.326986
42.4623     -0.767228    0.269436
42.7136     -0.804238    0.213273
42.9648     -0.834261    0.157889
43.2161     -0.855935    0.106825
43.4673     -0.869323    0.058582
43.7186     -0.874528    0.018231
43.9698     -0.872097    -0.016493
44.2211     -0.862373    -0.046833
44.4724     -0.845336    -0.071689
44.7236     -0.822139    -0.088628
44.9749     -0.793055    -0.102375
45.2261     -0.758603    -0.108024
45.4774     -0.718408    -0.105444
45.7286     -0.673621    -0.098271
45.9799     -0.624168    -0.084325
46.2312     -0.570980    -0.064000
46.4824     -0.515339    -0.035300
46.7337     -0.459030    -0.003998
46.9849     -0.402151    0.031009
47.2362     -0.343963    0.073028
47.4874     -0.286947    0.117293
47.7387     -0.230054    0.167062
47.9899     -0.175445    0.219228
48.2412     -0.122136    0.275146
48.4925     -0.070103    0.334231
48.7437     -0.023430    0.393091
48.9950     0.019943    0.452663
49.2462     0.060322    0.514737
49.4975     0.092065    0.574502
49.7487     0.120065    0.632968
50.0000     0.140752    0.690250
