# PauliOperators.jl SparsePauliVector correlation data
# C(t) = <psi | A B(t) | psi>
# Corrected C(t) = raw C(t) - accumulated truncation change
#
# time  Re_C  Im_C  Abs_C  Phase_C  Re_C_raw  Im_C_raw  Re_accumulated_correction  Im_accumulated_correction  n_terms
0.0000  1.00000000  0.00000000  1.00000000  0.00000000  1.00000000  0.00000000  0.00000000  0.00000000  2
0.1000  0.99854072  0.04597860  0.99959872  0.04601329  0.99866779  0.04591818  0.00012707  -0.00006042  220
0.2000  0.99413328  0.09190881  0.99837278  0.09218914  0.99897744  0.09161656  0.00484416  -0.00029225  376
0.3000  0.98688702  0.13827744  0.99652729  0.13920850  0.99847217  0.13691101  0.01158516  -0.00136643  568
0.4000  0.97706348  0.18492928  0.99441032  0.18705776  0.99437161  0.18129744  0.01730812  -0.00363184  738
0.5000  0.96492982  0.23148962  0.99230893  0.23545332  0.98685273  0.22422808  0.02192290  -0.00726154  1000
0.6000  0.95065282  0.27783122  0.99041959  0.28433446  0.97640204  0.26229228  0.02574923  -0.01553893  1316
0.7000  0.93456787  0.32383550  0.98908368  0.33356077  0.96294886  0.30179818  0.02838099  -0.02203731  1584
0.8000  0.91652041  0.36917082  0.98807730  0.38291446  0.94685384  0.34217326  0.03033343  -0.02699756  1792
0.9000  0.89644343  0.41371735  0.98730586  0.43238407  0.92876413  0.38535585  0.03232069  -0.02836150  1985
1.0000  0.87406869  0.45723100  0.98643614  0.48196146  0.90868460  0.43271858  0.03461591  -0.02451242  2181
1.1000  0.84940064  0.49967166  0.98547106  0.53174525  0.88632925  0.48157368  0.03692861  -0.01809797  2417
1.2000  0.82243495  0.54091731  0.98437329  0.58177076  0.86319858  0.53167341  0.04076363  -0.00924390  2626
1.3000  0.79302677  0.58106264  0.98312016  0.63234665  0.83924236  0.58377072  0.04621559  0.00270807  2781
1.4000  0.76123539  0.61997365  0.98175692  0.68347856  0.81953166  0.63639276  0.05829627  0.01641911  2994
1.5000  0.72704251  0.65786504  0.98049845  0.73548868  0.80008354  0.68626395  0.07304104  0.02839891  3307
1.6000  0.69054888  0.69466701  0.97949988  0.78837107  0.78281766  0.73345624  0.09226878  0.03878922  3621
1.7000  0.65210127  0.73022348  0.97901093  0.84185320  0.76318757  0.77966170  0.11108630  0.04943821  3900
1.8000  0.61196587  0.76425889  0.97907808  0.89560974  0.74034224  0.82309886  0.12837637  0.05883997  4276
1.9000  0.57033826  0.79685043  0.97992670  0.94958409  0.71747618  0.86380885  0.14713792  0.06695842  4576
2.0000  0.52760250  0.82754158  0.98142216  1.00322026  0.69096398  0.90010535  0.16336148  0.07256377  4890
2.1000  0.48354273  0.85620344  0.98330966  1.05669769  0.65938584  0.93377230  0.17584312  0.07756886  5195
2.2000  0.43861090  0.88240825  0.98540542  1.10950253  0.62246170  0.96543788  0.18385080  0.08302963  5446
2.3000  0.39276255  0.90594924  0.98742414  1.16171701  0.58200045  0.99420279  0.18923791  0.08825355  5681
2.4000  0.34594731  0.92682741  0.98928691  1.21355229  0.53719450  1.02370460  0.19124719  0.09687719  6160
2.5000  0.29824608  0.94465135  0.99061440  1.26497990  0.48814769  1.05274471  0.18990161  0.10809336  6548
2.6000  0.24963669  0.95937706  0.99132377  1.31623433  0.43510356  1.07812744  0.18546688  0.11875038  6923
2.7000  0.20035364  0.97135313  0.99180062  1.36738653  0.38141721  1.10508029  0.18106357  0.13372716  7401
2.8000  0.15038155  0.98045662  0.99192228  1.41860329  0.32611277  1.12895421  0.17573123  0.14849758  7770
2.9000  0.09978872  0.98719100  0.99222168  1.47005502  0.26988104  1.14765446  0.17009232  0.16046345  8196
3.0000  0.04870251  0.99146846  0.99266391  1.52171419  0.21796925  1.16509831  0.16926675  0.17362986  8770
3.1000  -0.00237107  0.99343215  0.99343498  1.57318307  0.16936035  1.17298196  0.17173142  0.17954981  9218
3.2000  -0.05314267  0.99369846  0.99511847  1.62422510  0.12142885  1.17538318  0.17457152  0.18168472  9715
3.3000  -0.10299144  0.99206780  0.99739950  1.67424068  0.07242121  1.16954651  0.17541265  0.17747871  10191
3.4000  -0.15163300  0.98868462  1.00024489  1.72297894  0.02603924  1.15996303  0.17767224  0.17127842  10859
3.5000  -0.19899980  0.98370042  1.00362714  1.77039971  -0.01884410  1.14756024  0.18015570  0.16385982  11211
3.6000  -0.24488823  0.97715376  1.00737268  1.81635261  -0.05788364  1.13331959  0.18700459  0.15616582  11819
3.7000  -0.28930845  0.96903421  1.01129950  1.86092543  -0.09487198  1.11797841  0.19443647  0.14894420  12303
3.8000  -0.33214180  0.95971581  1.01556517  1.90397781  -0.12923509  1.10140980  0.20290671  0.14169400  12764
3.9000  -0.37370613  0.94913780  1.02005825  1.94588779  -0.16165413  1.08433041  0.21205200  0.13519261  13262
4.0000  -0.41365526  0.93757671  1.02477352  1.98630492  -0.19189896  1.06343203  0.22175630  0.12585532  13761
4.1000  -0.45195762  0.92516940  1.02966214  2.02521248  -0.22090625  1.04156738  0.23105138  0.11639798  14149
4.2000  -0.48886318  0.91200031  1.03476170  2.06285389  -0.24893257  1.01832179  0.23993061  0.10632148  14608
4.3000  -0.52455666  0.89805558  1.04003054  2.09944459  -0.27747926  0.99488364  0.24707740  0.09682806  15090
4.4000  -0.55917001  0.88351468  1.04559518  2.13505118  -0.30260970  0.97057790  0.25656031  0.08706323  15551
4.5000  -0.59279003  0.86851310  1.05152985  2.16970395  -0.32656397  0.94420909  0.26622606  0.07569599  15938
4.6000  -0.62570858  0.85309878  1.05796443  2.20362352  -0.35360583  0.91729322  0.27210274  0.06419444  16382
4.7000  -0.65778871  0.83734269  1.06481396  2.23667444  -0.37966568  0.88501211  0.27812303  0.04766942  16810
4.8000  -0.68910959  0.82123738  1.07205544  2.26893490  -0.40736783  0.85351826  0.28174176  0.03228088  17206
4.9000  -0.71961842  0.80480127  1.07960907  2.30037367  -0.43208512  0.82084031  0.28753330  0.01603904  17576
5.0000  -0.74959268  0.78812624  1.08767282  2.33114082  -0.45675220  0.79420725  0.29284048  0.00608100  18035
5.1000  -0.77915931  0.77119384  1.09627969  2.36133229  -0.48070541  0.76691051  0.29845390  -0.00428332  18496
5.2000  -0.80809611  0.75389884  1.10516188  2.39087805  -0.50718000  0.74368919  0.30091611  -0.01020964  18772
5.3000  -0.83680338  0.73593538  1.11437910  2.42024202  -0.53432288  0.72417752  0.30248050  -0.01175786  19145
5.4000  -0.86546992  0.71710196  1.12395436  2.44967243  -0.56352090  0.70469397  0.30194902  -0.01240798  19389
5.5000  -0.89416809  0.69734534  1.13394316  2.47923990  -0.59184258  0.68502449  0.30232551  -0.01232085  19702
5.6000  -0.92284415  0.67656719  1.14428340  2.50897432  -0.61893082  0.66548966  0.30391333  -0.01107754  20014
5.7000  -0.95172998  0.65478064  1.15521757  2.53897270  -0.64300666  0.64700325  0.30872331  -0.00777739  20272
5.8000  -0.98080294  0.63183312  1.16669941  2.56930567  -0.66783550  0.62667620  0.31296745  -0.00515692  20573
5.9000  -1.01035145  0.60737279  1.17886036  2.60032798  -0.69304452  0.60314158  0.31730692  -0.00423121  20884
6.0000  -1.03980490  0.58124333  1.19123383  2.63187150  -0.71723480  0.57565715  0.32257010  -0.00558618  21307
6.1000  -1.06924443  0.55352183  1.20402245  2.66390471  -0.74158843  0.54527348  0.32765600  -0.00824834  21634
6.2000  -1.09846686  0.52401677  1.21705506  2.69647811  -0.76528143  0.51083725  0.33318544  -0.01317952  21949
6.3000  -1.12725960  0.49256941  1.23017837  2.72963401  -0.78752314  0.47498997  0.33973646  -0.01757945  22260
6.4000  -1.15553556  0.45923982  1.24344828  2.76330725  -0.81023323  0.43765939  0.34530233  -0.02158043  22653
6.5000  -1.18326838  0.42379812  1.25687267  2.79766789  -0.83218923  0.40120126  0.35107915  -0.02259686  22976
6.6000  -1.21069384  0.38626206  1.27081783  2.83275906  -0.85536815  0.36511389  0.35532568  -0.02114817  23247
6.7000  -1.23722071  0.34678155  1.28490176  2.86831434  -0.87681508  0.32667204  0.36040563  -0.02010951  23595
6.8000  -1.26264837  0.30559556  1.29910337  2.90413153  -0.89720572  0.28815424  0.36544265  -0.01744132  23968
6.9000  -1.28714436  0.26269759  1.31367829  2.94026430  -0.92076812  0.24956362  0.36637624  -0.01313398  24375
7.0000  -1.31053444  0.21780714  1.32851062  2.97690080  -0.94555115  0.21152683  0.36498330  -0.00628031  24812
7.1000  -1.33248015  0.17097147  1.34340410  3.01397923  -0.96821226  0.17141180  0.36426789  0.00044033  25164
7.2000  -1.35285634  0.12249982  1.35839113  3.05128989  -0.99119378  0.12750931  0.36166255  0.00500949  25528
7.3000  -1.37142014  0.07219879  1.37331929  3.08899593  -1.01196909  0.08368769  0.35945105  0.01148890  25989
7.4000  -1.38790795  0.01994540  1.38805126  3.12722280  -1.03191350  0.03845103  0.35599445  0.01850563  26460
7.5000  -1.40232204  -0.03393367  1.40273254  -3.11739918  -1.04737490  -0.00726722  0.35494714  0.02666644  26908
7.6000  -1.41425357  -0.08915335  1.41706086  -3.07863680  -1.05816955  -0.05359686  0.35608402  0.03555649  27456
7.7000  -1.42363046  -0.14536226  1.43103245  -3.03983856  -1.06673027  -0.10042048  0.35690019  0.04494177  27922
7.8000  -1.43040638  -0.20256179  1.44467771  -3.00091668  -1.07447728  -0.14539122  0.35592910  0.05717057  28426
7.9000  -1.43419982  -0.26056731  1.45767775  -2.96187164  -1.07841447  -0.18976695  0.35578534  0.07080036  28863
8.0000  -1.43504343  -0.31903503  1.47007924  -2.92283307  -1.08049400  -0.23323073  0.35454942  0.08580430  29443
8.1000  -1.43278487  -0.37790910  1.48178533  -2.88370737  -1.07848341  -0.27434759  0.35430146  0.10356151  29942
8.2000  -1.42749444  -0.43676441  1.49281731  -2.84467172  -1.07213243  -0.31662121  0.35536201  0.12014320  30434
8.3000  -1.41918495  -0.49531522  1.50313774  -2.80579662  -1.06103998  -0.35786335  0.35814496  0.13745187  30929
8.4000  -1.40798677  -0.55330036  1.51280138  -2.76715894  -1.04781794  -0.39847369  0.36016883  0.15482667  31531
8.5000  -1.39382017  -0.61053912  1.52167430  -2.72873499  -1.03162489  -0.44035971  0.36219527  0.17017941  31955
8.6000  -1.37639703  -0.66688087  1.52944398  -2.69041204  -1.01320189  -0.48448906  0.36319513  0.18239181  32387
8.7000  -1.35597208  -0.72194305  1.53618425  -2.65234874  -0.99078007  -0.52746841  0.36519201  0.19447464  32961
8.8000  -1.33257095  -0.77556838  1.54183386  -2.61450682  -0.96500801  -0.57139393  0.36756294  0.20417445  33454
8.9000  -1.30628035  -0.82749820  1.54632520  -2.57692093  -0.93903289  -0.61448128  0.36724747  0.21301692  33732
9.0000  -1.27726364  -0.87770733  1.54976533  -2.53952407  -0.90846280  -0.65489808  0.36880084  0.22280925  34156
9.1000  -1.24563810  -0.92583312  1.55202488  -2.50241904  -0.87547513  -0.69699421  0.37016297  0.22883891  34691
9.2000  -1.21130792  -0.97154147  1.55279094  -2.46559695  -0.84160530  -0.73697653  0.36970262  0.23456494  35159
9.3000  -1.17411166  -1.01481848  1.55190036  -2.42883860  -0.80414625  -0.77711685  0.36996541  0.23770162  35706
9.4000  -1.13440773  -1.05546720  1.54948117  -2.39222685  -0.76491442  -0.81191157  0.36949331  0.24355563  36128
9.5000  -1.09242466  -1.09332353  1.54555750  -2.35578325  -0.72486290  -0.84294470  0.36756176  0.25037884  36577
9.6000  -1.04821910  -1.12842370  1.54016341  -2.31936331  -0.68256590  -0.87184858  0.36565320  0.25657512  36999
9.7000  -1.00190690  -1.16052475  1.53317812  -2.28297401  -0.64111177  -0.89891412  0.36079513  0.26161064  37457
9.8000  -0.95379808  -1.18979401  1.52490674  -2.24654241  -0.59862604  -0.92508961  0.35517205  0.26470440  37924
9.9000  -0.90402651  -1.21607173  1.51528690  -2.21005939  -0.55172036  -0.94864909  0.35230615  0.26742264  38318
10.0000  -0.85285720  -1.23918058  1.50430513  -2.17358794  -0.50555850  -0.96990931  0.34729871  0.26927127  38689
