# PauliOperators.jl SparsePauliVector correlation data
# C(t) = <psi | A B(t) | psi>
# Corrected C(t) = raw C(t) - accumulated truncation change
#
# time  Re_C  Im_C  Abs_C  Phase_C  Re_C_raw  Im_C_raw  Re_accumulated_correction  Im_accumulated_correction  n_terms
0.0000  1.00000000  0.00000000  1.00000000  0.00000000  1.00000000  0.00000000  0.00000000  0.00000000  2
0.1000  0.99836888  0.04614933  0.99943493  0.04619185  1.00542870  0.04537316  0.00705982  -0.00077617  660
0.2000  0.99339983  0.09308771  0.99775175  0.09343335  1.01753158  0.08852740  0.02413175  -0.00456031  1199
0.3000  0.98628662  0.14140001  0.99637104  0.14239574  1.02480620  0.12706582  0.03851958  -0.01433419  1772
0.4000  0.97843744  0.19044627  0.99679968  0.19223960  1.02688877  0.15225641  0.04845133  -0.03818986  2401
0.5000  0.96973021  0.23974421  0.99892640  0.24236778  1.02480248  0.18446530  0.05507227  -0.05527891  3058
0.6000  0.95941754  0.28897000  1.00199086  0.29255108  1.02237840  0.23298377  0.06296085  -0.05598624  4010
0.7000  0.94618672  0.33763406  1.00462235  0.34275231  1.02210727  0.29288202  0.07592055  -0.04475204  4936
0.8000  0.92978441  0.38593359  1.00669945  0.39343719  1.02710634  0.35925364  0.09732193  -0.02667995  5840
0.9000  0.90975716  0.43511118  1.00845418  0.44611443  1.03828065  0.43090910  0.12852349  -0.00420208  6713
1.0000  0.88556584  0.48621640  1.01026395  0.50211049  1.05894119  0.50817997  0.17337535  0.02196357  7520
1.1000  0.85720017  0.53995435  1.01308579  0.56211846  1.09821331  0.58849185  0.24101315  0.04853751  8480
1.2000  0.82354765  0.59651882  1.01689008  0.62686774  1.14583646  0.67083236  0.32228881  0.07431354  9562
1.3000  0.78608240  0.65592567  1.02379882  0.69538134  1.19599788  0.74939618  0.40991548  0.09347051  10404
1.4000  0.74564876  0.71806814  1.03518787  0.76655753  1.23760865  0.82352542  0.49195989  0.10545728  11143
1.5000  0.70320094  0.78256835  1.05209542  0.83876583  1.26781722  0.88130152  0.56461628  0.09873318  12146
1.6000  0.66013867  0.84822244  1.07483225  0.90945198  1.28386326  0.92368816  0.62372459  0.07546572  13239
1.7000  0.61722223  0.91463945  1.10341679  0.97716640  1.29102740  0.95394001  0.67380516  0.03930056  14255
1.8000  0.57451957  0.98087465  1.13674439  1.04094174  1.29625902  0.98046316  0.72173945  -0.00041149  15329
1.9000  0.53121108  1.04663031  1.17372067  1.10113164  1.29902972  1.01293612  0.76781864  -0.03369420  16439
2.0000  0.48623352  1.11145130  1.21315582  1.15840584  1.30056767  1.04988075  0.81433415  -0.06157056  17390
2.1000  0.43868204  1.17543335  1.25462564  1.21359697  1.30330191  1.09415210  0.86461987  -0.08128125  18401
2.2000  0.38803516  1.23883408  1.29818380  1.26725010  1.30935414  1.14764919  0.92131897  -0.09118489  19498
2.3000  0.33365002  1.30217575  1.34424105  1.31996745  1.32365893  1.21492932  0.99000892  -0.08724643  20886
2.4000  0.27447673  1.36614860  1.39344877  1.37252324  1.34465392  1.29295442  1.07017719  -0.07319418  22280
2.5000  0.21082660  1.43162512  1.44706542  1.42458341  1.39259638  1.37439377  1.18176978  -0.05723135  23398
2.6000  0.14024207  1.49798361  1.50453405  1.47744786  1.44361823  1.45220118  1.30337617  -0.04578243  25150
2.7000  0.06502774  1.56628725  1.56763655  1.52930303  1.48961672  1.52259096  1.42458898  -0.04369629  26412
2.8000  -0.01438157  1.63603284  1.63609605  1.57958661  1.51619733  1.57992971  1.53057890  -0.05610313  27514
2.9000  -0.09729862  1.70688853  1.70965946  1.62773820  1.52406521  1.61687433  1.62136382  -0.09001421  28927
3.0000  -0.18179169  1.77884153  1.78810666  1.67263943  1.53530748  1.63370679  1.71709917  -0.14513474  30169
3.1000  -0.26625644  1.85232043  1.87135873  1.71356054  1.54467015  1.64652066  1.81092659  -0.20579977  31642
3.2000  -0.35058705  1.92666764  1.95830526  1.75079243  1.55290277  1.65196995  1.90348982  -0.27469770  32952
3.3000  -0.43384682  2.00115659  2.04764518  1.78429045  1.55634106  1.64815077  1.99018788  -0.35300583  34320
3.4000  -0.51600898  2.07500418  2.13820195  1.81453086  1.55009714  1.64871882  2.06610612  -0.42628536  35522
3.5000  -0.59666536  2.14844644  2.22976045  1.84168902  1.53049511  1.64882034  2.12716046  -0.49962611  36927
3.6000  -0.67594406  2.22040160  2.32100919  1.86630709  1.49291386  1.65777326  2.16885792  -0.56262835  38225
3.7000  -0.75367921  2.28902750  2.40991270  1.88887405  1.44172982  1.66677222  2.19540902  -0.62225527  39471
3.8000  -0.83087569  2.35355489  2.49591166  1.91016800  1.39466340  1.67570961  2.22553909  -0.67784528  40830
3.9000  -0.90941196  2.41475403  2.58032307  1.93097465  1.34496127  1.68770904  2.25437323  -0.72704499  41950
4.0000  -0.99003960  2.47360042  2.66437187  1.95151159  1.29149556  1.69731268  2.28153515  -0.77628775  43193
4.1000  -1.07232730  2.52871512  2.74668636  1.97187064  1.23828251  1.69710589  2.31060981  -0.83160922  44395
4.2000  -1.15548691  2.57993216  2.82687106  1.99188163  1.18453222  1.68661485  2.34001914  -0.89331732  45516
4.3000  -1.23765523  2.62780675  2.90467878  2.01096296  1.14078468  1.66870372  2.37843991  -0.95910303  46497
4.4000  -1.31853900  2.67330493  2.98078921  2.02900871  1.10984166  1.64362457  2.42838066  -1.02968036  47679
4.5000  -1.39735310  2.71489752  3.05340207  2.04613330  1.06881613  1.62177277  2.46616923  -1.09312474  48724
4.6000  -1.47359610  2.75253559  3.12216874  2.06232980  1.00822850  1.60103585  2.48182460  -1.15149974  50014
4.7000  -1.54669286  2.78528891  3.18592108  2.07770555  0.93222540  1.57859813  2.47891826  -1.20669078  51291
4.8000  -1.61740833  2.81293374  3.24478134  2.09262297  0.83764975  1.55791579  2.45505808  -1.25501795  52521
4.9000  -1.68638727  2.83604032  3.29954947  2.10725602  0.72633019  1.52941730  2.41271746  -1.30662302  53922
5.0000  -1.75406859  2.85503629  3.35081913  2.12172012  0.61153431  1.51920856  2.36560290  -1.33582773  55075
5.1000  -1.82152926  2.87040081  3.39958375  2.13626252  0.50033523  1.52442572  2.32186449  -1.34597510  56146
5.2000  -1.89034940  2.88233619  3.44692367  2.15126557  0.39409883  1.52701078  2.28444824  -1.35532542  57276
5.3000  -1.95955414  2.89049571  3.49210795  2.16655623  0.29487733  1.52103454  2.25443147  -1.36946118  58334
5.4000  -2.02777285  2.89443303  3.53406357  2.18190935  0.19703287  1.50890055  2.22480573  -1.38553248  59143
5.5000  -2.09420781  2.89362223  3.57194008  2.19727307  0.10330738  1.49124098  2.19751519  -1.40238125  60166
5.6000  -2.15754098  2.88733487  3.60439811  2.21253067  0.00698284  1.47679982  2.16452383  -1.41053505  61264
5.7000  -2.21713572  2.87498198  3.63059391  2.22771696  -0.09587847  1.46221210  2.12125725  -1.41276988  61965
5.8000  -2.27276555  2.85563852  3.64967596  2.24302430  -0.20010215  1.45292118  2.07266340  -1.40271735  62753
5.9000  -2.32430964  2.83021513  3.66231252  2.25835999  -0.30922942  1.44250933  2.01508022  -1.38770580  63488
6.0000  -2.37233263  2.79993278  3.66982093  2.27371033  -0.42385367  1.42914155  1.94847896  -1.37079123  64111
6.1000  -2.41710833  2.76437698  3.67208290  2.28927351  -0.53729163  1.41107111  1.87981670  -1.35330587  64961
6.2000  -2.45913719  2.72471051  3.67034100  2.30500831  -0.64208041  1.39528963  1.81705678  -1.32942088  65663
6.3000  -2.49868883  2.68090064  3.66478841  2.32103018  -0.74207138  1.38402824  1.75661745  -1.29687240  66236
6.4000  -2.53798717  2.63327927  3.65725834  2.33776935  -0.83674658  1.37188715  1.70124059  -1.26139212  66924
6.5000  -2.57598862  2.58192332  3.64719692  2.35504389  -0.92830104  1.35680147  1.64768758  -1.22512185  67568
6.6000  -2.61313558  2.52551833  3.63410517  2.37324346  -1.01456791  1.34370941  1.59856767  -1.18180892  68081
6.7000  -2.64968243  2.46433628  3.61853151  2.39242139  -1.09753589  1.32498027  1.55214654  -1.13935601  68461
6.8000  -2.68590515  2.39932472  3.60150602  2.41249040  -1.18353345  1.30348375  1.50237170  -1.09584097  69007
6.9000  -2.72117620  2.33037632  3.58266014  2.43340304  -1.27688491  1.27488986  1.44429129  -1.05548645  69452
7.0000  -2.75493549  2.25798129  3.56204282  2.45500638  -1.37014147  1.23764395  1.38479402  -1.02033735  69733
7.1000  -2.78715899  2.18215429  3.53978144  2.47734639  -1.46703463  1.19698616  1.32012437  -0.98516814  70049
7.2000  -2.81783579  2.10364550  3.51646455  2.50030544  -1.56503793  1.14875740  1.25279786  -0.95488810  70435
7.3000  -2.84666279  2.02265216  3.49207829  2.52383148  -1.65817325  1.10202483  1.18848954  -0.92062733  70906
7.4000  -2.87391632  1.93988781  3.46735630  2.54784435  -1.74853096  1.05456433  1.12538537  -0.88532347  71096
7.5000  -2.89931773  1.85542772  3.44218758  2.57231265  -1.83229123  1.00162455  1.06702651  -0.85380316  71410
7.6000  -2.92301452  1.76880799  3.41653268  2.59740858  -1.91192716  0.94857954  1.01108736  -0.82022845  71524
7.7000  -2.94543357  1.68069470  3.39121122  2.62306362  -1.98362402  0.89511972  0.96180954  -0.78557498  71970
7.8000  -2.96613674  1.59002043  3.36543194  2.64951668  -2.05849204  0.83822737  0.90764470  -0.75179305  72205
7.9000  -2.98500970  1.49732309  3.33949986  2.67665456  -2.13440824  0.77886259  0.85060146  -0.71846050  72609
8.0000  -3.00133112  1.40177448  3.31254587  2.70465000  -2.21014691  0.71099433  0.79118420  -0.69078014  72954
8.1000  -3.01507138  1.30408850  3.28501176  2.73336703  -2.27955970  0.64988343  0.73551169  -0.65420507  73215
8.2000  -3.02627366  1.20448617  3.25716428  2.76280326  -2.34142720  0.58479855  0.68484646  -0.61968762  73569
8.3000  -3.03475460  1.10335265  3.22910553  2.79287825  -2.39546899  0.52219792  0.63928560  -0.58115473  73701
8.4000  -3.04064157  1.00165478  3.20137681  2.82336626  -2.44232157  0.45822541  0.59832001  -0.54342937  73880
8.5000  -3.04368426  0.89914176  3.17371546  2.85435006  -2.47975549  0.39788464  0.56392878  -0.50125712  74060
8.6000  -3.04381899  0.79679555  3.14638160  2.88556276  -2.50695977  0.33205141  0.53685922  -0.46474414  74153
8.7000  -3.04232779  0.69441597  3.12057237  2.91718552  -2.52543725  0.27237016  0.51689053  -0.42204581  74435
8.8000  -3.03830170  0.59238057  3.09551158  2.94903736  -2.53290657  0.20930077  0.50539513  -0.38307980  74398
8.9000  -3.03138882  0.49124511  3.07093470  2.98093645  -2.53188102  0.14478558  0.49950780  -0.34645954  74588
9.0000  -3.02227560  0.39048762  3.04739732  3.01310131  -2.52420403  0.08219901  0.49807157  -0.30828862  74717
9.1000  -3.01042720  0.29061627  3.02442221  3.04535432  -2.50925561  0.01206354  0.50117158  -0.27855273  74904
9.2000  -2.99575774  0.19160091  3.00187863  3.07772224  -2.48762011  -0.06216989  0.50813763  -0.25377080  74919
9.3000  -2.97844297  0.09426347  2.97993425  3.10995464  -2.45957964  -0.13508891  0.51886333  -0.22935237  74883
9.4000  -2.95880369  -0.00146134  2.95880405  -3.14109876  -2.43269089  -0.20441197  0.52611280  -0.20295063  74950
9.5000  -2.93641063  -0.09530584  2.93795687  -3.10914746  -2.40987824  -0.27598866  0.52653239  -0.18068282  74820
9.6000  -2.91129482  -0.18843355  2.91738662  -3.07695781  -2.38844514  -0.35197612  0.52284968  -0.16354257  74697
9.7000  -2.88357954  -0.28027247  2.89716821  -3.04470098  -2.36276945  -0.42089397  0.52081010  -0.14062150  74772
9.8000  -2.85255718  -0.37065817  2.87653784  -3.01237773  -2.32924904  -0.49497164  0.52330813  -0.12431347  74876
9.9000  -2.81889217  -0.46014156  2.85620085  -2.97978485  -2.28886095  -0.56823044  0.53003122  -0.10808888  74837
10.0000  -2.78164335  -0.54828510  2.83516424  -2.94697908  -2.24662757  -0.64314404  0.53501578  -0.09485894  74882
