# PauliOperators.jl SparsePauliVector correlation data
# C(t) = <psi | A B(t) | psi>
# Corrected C(t) = raw C(t) - accumulated truncation change
#
# time  Re_C  Im_C  Abs_C  Phase_C  Re_C_raw  Im_C_raw  Re_accumulated_correction  Im_accumulated_correction  n_terms
0.0000  1.00000000  0.00000000  1.00000000  0.00000000  1.00000000  0.00000000  0.00000000  0.00000000  2
0.1000  0.99843079  0.04602906  0.99949123  0.04606878  1.00242603  0.04572055  0.00399524  -0.00030851  430
0.2000  0.99366425  0.09240928  0.99795196  0.09273177  1.00802675  0.09057665  0.01436250  -0.00183263  748
0.3000  0.98618190  0.13963064  0.99601779  0.14065220  1.01094797  0.13359019  0.02476607  -0.00604044  1070
0.4000  0.97666069  0.18734308  0.99446646  0.18951797  1.00895371  0.17203187  0.03229302  -0.01531120  1494
0.5000  0.96552093  0.23503262  0.99371575  0.23878159  1.00326260  0.20458350  0.03774167  -0.03044911  1987
0.6000  0.95304164  0.28268975  0.99408343  0.28835159  0.99585301  0.24384370  0.04281136  -0.03884605  2605
0.7000  0.93847585  0.33005255  0.99482240  0.33817958  0.98645029  0.29026885  0.04797444  -0.03978371  3157
0.8000  0.92139899  0.37675443  0.99544965  0.38814994  0.97667783  0.34290830  0.05527883  -0.03384612  3653
0.9000  0.90135964  0.42292493  0.99564788  0.43871179  0.96717290  0.39981627  0.06581326  -0.02310866  4191
1.0000  0.87837627  0.46868699  0.99559648  0.49015199  0.95900280  0.46076880  0.08062653  -0.00791819  4591
1.1000  0.85201757  0.51450863  0.99531556  0.54326090  0.95302676  0.52575510  0.10100919  0.01124647  5070
1.2000  0.82237689  0.56031684  0.99511743  0.59809120  0.95512745  0.59359093  0.13275056  0.03327409  5577
1.3000  0.78902874  0.60671148  0.99532164  0.65550952  0.96187648  0.66626343  0.17284774  0.05955194  6158
1.4000  0.75232668  0.65372560  0.99667076  0.71538660  0.97149547  0.74137062  0.21916879  0.08764502  6762
1.5000  0.71222527  0.70089184  0.99925683  0.77737817  0.97709130  0.81612396  0.26486602  0.11523213  7472
1.6000  0.66963769  0.74801429  1.00396216  0.84062814  0.97604914  0.88583223  0.30641145  0.13781795  8076
1.7000  0.62470669  0.79460976  1.01077352  0.90453890  0.96770976  0.94946253  0.34300307  0.15485278  8643
1.8000  0.57741597  0.84017179  1.01945958  0.96867237  0.95098586  1.00525311  0.37356989  0.16508131  9142
1.9000  0.52839489  0.88415487  1.03001504  1.03212345  0.92340059  1.05169119  0.39500569  0.16753633  9801
2.0000  0.47785186  0.92573950  1.04179462  1.09428555  0.88558244  1.09359677  0.40773058  0.16785727  10604
2.1000  0.42535997  0.96484853  1.05444952  1.15557191  0.84425037  1.13197546  0.41889040  0.16712693  11350
2.2000  0.37071118  1.00113496  1.06756638  1.21616055  0.79592795  1.17045474  0.42521677  0.16931979  12104
2.3000  0.31448648  1.03420575  1.08096405  1.27559603  0.74239136  1.20938266  0.42790488  0.17517691  12908
2.4000  0.25614420  1.06393115  1.09433055  1.33453984  0.68684581  1.25622482  0.43070161  0.19229367  13446
2.5000  0.19523912  1.09049244  1.10783215  1.39363577  0.63423283  1.30513153  0.43899371  0.21463909  14218
2.6000  0.13162329  1.11439843  1.12214462  1.45322949  0.58676636  1.35724328  0.45514307  0.24284485  15009
2.7000  0.06507933  1.13655343  1.13841513  1.51359853  0.55209060  1.40574554  0.48701126  0.26919211  15828
2.8000  -0.00414041  1.15712160  1.15712900  1.57437451  0.52129615  1.45397695  0.52543657  0.29685535  16695
2.9000  -0.07561700  1.17637919  1.17880699  1.63498745  0.49655531  1.49955511  0.57217231  0.32317592  17495
3.0000  -0.14881842  1.19418978  1.20342684  1.69477591  0.47279551  1.54208980  0.62161393  0.34790002  18463
3.1000  -0.22327882  1.21092148  1.23133434  1.75313583  0.44927292  1.58204743  0.67255174  0.37112595  19127
3.2000  -0.29828094  1.22594680  1.26171196  1.80946546  0.42360477  1.61525124  0.72188571  0.38930444  19870
3.3000  -0.37384166  1.23912703  1.29429261  1.86380983  0.38898358  1.64347254  0.76282524  0.40434552  20598
3.4000  -0.44930459  1.25017897  1.32846606  1.91581375  0.34735464  1.66334028  0.79665924  0.41316131  21348
3.5000  -0.52462347  1.25873118  1.36368397  1.96569044  0.29909104  1.67384283  0.82371451  0.41511165  22201
3.6000  -0.59916257  1.26431288  1.39910073  2.01334981  0.24791997  1.68170246  0.84708254  0.41738958  23176
3.7000  -0.67330140  1.26634781  1.43421461  2.05947148  0.19533741  1.68804461  0.86863881  0.42169680  24219
3.8000  -0.74743140  1.26515975  1.46944986  2.10440902  0.14494742  1.69425714  0.89237882  0.42909739  25028
3.9000  -0.82176105  1.26040410  1.50462943  2.14856375  0.09563740  1.69693289  0.91739845  0.43652879  25651
4.0000  -0.89545985  1.25239995  1.53959539  2.19151540  0.04553223  1.69217498  0.94099209  0.43977503  26575
4.1000  -0.96814244  1.24135233  1.57424757  2.23316633  -0.00620112  1.67782243  0.96194132  0.43647010  27458
4.2000  -1.03925699  1.22797994  1.60872304  2.27314676  -0.05626261  1.65709994  0.98299438  0.42912000  28293
4.3000  -1.10851512  1.21239354  1.64277323  2.31146669  -0.11055689  1.63192409  0.99795823  0.41953054  29062
4.4000  -1.17566455  1.19398386  1.67564453  2.34846383  -0.17067720  1.60317016  1.00498735  0.40918630  30002
4.5000  -1.24082260  1.17277459  1.70734910  2.38438063  -0.23400527  1.57165600  1.00681733  0.39888142  30990
4.6000  -1.30380058  1.14843365  1.73746822  2.41946722  -0.30429012  1.53658640  0.99951047  0.38815275  31696
4.7000  -1.36556816  1.12095696  1.76672604  2.45425369  -0.37694986  1.50223445  0.98861830  0.38127749  32557
4.8000  -1.42600332  1.09051707  1.79519162  2.48872658  -0.44693702  1.46924241  0.97906630  0.37872534  33307
4.9000  -1.48510160  1.05737698  1.82306688  2.52286518  -0.51758027  1.43101788  0.96752133  0.37364091  34094
5.0000  -1.54312129  1.02231529  1.85104075  2.55648137  -0.58416466  1.39039040  0.95895663  0.36807510  34825
5.1000  -1.59921870  0.98476431  1.87810042  2.58965211  -0.64310641  1.34388120  0.95611229  0.35911688  35616
5.2000  -1.65312517  0.94475600  1.90404483  2.62239499  -0.69666819  1.29901157  0.95645698  0.35425558  36470
5.3000  -1.70490502  0.90317828  1.92936054  2.65442705  -0.74342473  1.25281111  0.96148028  0.34963284  37184
5.4000  -1.75403842  0.86006971  1.95355335  2.68570539  -0.78714441  1.20408761  0.96689402  0.34401789  37890
5.5000  -1.79982387  0.81610016  1.97620481  2.71588722  -0.83175016  1.15475011  0.96807371  0.33864995  38725
5.6000  -1.84274780  0.77094820  1.99751861  2.74535206  -0.87788446  1.10462255  0.96486334  0.33367434  39692
5.7000  -1.88314043  0.72449303  2.01769870  2.77432249  -0.92358640  1.05190359  0.95955404  0.32741056  40317
5.8000  -1.92129684  0.67664900  2.03696721  2.80297397  -0.97038139  0.99428718  0.95091545  0.31763818  41172
5.9000  -1.95696035  0.62792544  2.05523336  2.83110277  -1.01645909  0.93538315  0.94050125  0.30745771  41963
6.0000  -1.99051063  0.57856125  2.07288825  2.85872680  -1.05866170  0.87518997  0.93184893  0.29662871  42807
6.1000  -2.02171734  0.52830274  2.08960398  2.88599433  -1.09669922  0.81228983  0.92501812  0.28398709  43495
6.2000  -2.05031710  0.47705970  2.10508578  2.91298415  -1.13150848  0.75068880  0.91880861  0.27362910  44352
6.3000  -2.07679417  0.42496955  2.11982856  2.93975140  -1.16459754  0.68993506  0.91219663  0.26496551  45338
6.4000  -2.10100105  0.37234632  2.13374019  2.96619058  -1.19661765  0.62911412  0.90438340  0.25676780  46205
6.5000  -2.12318822  0.31902249  2.14702202  2.99245202  -1.22957202  0.56359686  0.89361620  0.24457436  46852
6.6000  -2.14285829  0.26529085  2.15921766  3.01841708  -1.25584492  0.49592122  0.88701337  0.23063037  47643
6.7000  -2.16025690  0.21104845  2.17054171  3.04420571  -1.28198368  0.42826068  0.87827321  0.21721223  48202
6.8000  -2.17484177  0.15669329  2.18047920  3.06966880  -1.30588386  0.36516153  0.86895791  0.20846825  48995
6.9000  -2.18707957  0.10181539  2.18944820  3.09507312  -1.32667804  0.30293637  0.86040154  0.20112098  49930
7.0000  -2.19712004  0.04651084  2.19761228  3.12042681  -1.34385218  0.24485808  0.85326786  0.19834724  50607
7.1000  -2.20513694  -0.00938044  2.20515689  -3.13733878  -1.35883408  0.19209397  0.84630286  0.20147441  51349
7.2000  -2.21170455  -0.06545316  2.21267284  -3.11200730  -1.37212375  0.13907569  0.83958079  0.20452885  51996
7.3000  -2.21636817  -0.12124437  2.21968197  -3.08694305  -1.38143975  0.08467340  0.83492842  0.20591777  52786
7.4000  -2.21918400  -0.17637673  2.22618202  -3.06228118  -1.38072927  0.03193302  0.83845474  0.20830975  53562
7.5000  -2.22032201  -0.23074150  2.23227943  -3.03804183  -1.37787490  -0.02075751  0.84244711  0.20998399  54106
7.6000  -2.21948115  -0.28459247  2.23765267  -3.01406377  -1.37609257  -0.07483687  0.84338858  0.20975560  54804
7.7000  -2.21673769  -0.33764629  2.24230484  -2.99043770  -1.36906757  -0.12876290  0.84767012  0.20888339  55344
7.8000  -2.21246187  -0.39009419  2.24658875  -2.96706961  -1.35986638  -0.18127374  0.85259549  0.20882045  55802
7.9000  -2.20662322  -0.44206082  2.25046746  -2.94387632  -1.35197204  -0.23481265  0.85465118  0.20724817  56375
8.0000  -2.19934856  -0.49379749  2.25410072  -2.92073524  -1.34907547  -0.29049198  0.85027309  0.20330551  56849
8.1000  -2.19065627  -0.54562713  2.25758363  -2.89748932  -1.34566643  -0.34739355  0.84498984  0.19823357  57203
8.2000  -2.18066868  -0.59760957  2.26107344  -2.87411101  -1.33736596  -0.40390296  0.84330272  0.19370661  57651
8.3000  -2.16917444  -0.64974466  2.26439526  -2.85056210  -1.32473662  -0.46105416  0.84443782  0.18869050  58123
8.4000  -2.15630931  -0.70124081  2.26746742  -2.82717609  -1.30428089  -0.51231830  0.85202842  0.18892251  58700
8.5000  -2.14201751  -0.75274500  2.27043257  -2.80365452  -1.28388430  -0.56394147  0.85813321  0.18880353  59198
8.6000  -2.12672224  -0.80387009  2.27357749  -2.78020716  -1.26337723  -0.61053339  0.86334501  0.19333670  59681
8.7000  -2.10962293  -0.85426164  2.27602106  -2.75683861  -1.24184529  -0.65624111  0.86777764  0.19802053  60168
8.8000  -2.09110405  -0.90415300  2.27820298  -2.73348714  -1.22283103  -0.70411819  0.86827302  0.20003482  60544
8.9000  -2.07048136  -0.95376809  2.27959791  -2.70991723  -1.20303508  -0.74572273  0.86744628  0.20804536  60838
9.0000  -2.04847454  -1.00271857  2.28072191  -2.68638410  -1.17848098  -0.78451831  0.86999355  0.21820025  61266
9.1000  -2.02534580  -1.05132996  2.28195536  -2.66279258  -1.15457228  -0.82765205  0.87077352  0.22367790  61834
9.2000  -2.00008832  -1.09927589  2.28227097  -2.63904609  -1.13117801  -0.86958600  0.86891031  0.22968989  62242
9.3000  -1.97302477  -1.14665404  2.28202590  -2.61513714  -1.10296397  -0.91104598  0.87006080  0.23560806  62629
9.4000  -1.94427381  -1.19323283  2.28122888  -2.59114852  -1.07805848  -0.94834941  0.86621533  0.24488342  63126
9.5000  -1.91353066  -1.23965065  2.27998537  -2.56674145  -1.05036714  -0.98448056  0.86316352  0.25517009  63453
9.6000  -1.88111041  -1.28539318  2.27833536  -2.54215186  -1.01844620  -1.01734621  0.86266421  0.26804697  63869
9.7000  -1.84735475  -1.32967886  2.27612949  -2.51771812  -0.98141576  -1.04441414  0.86593899  0.28526472  64283
9.8000  -1.81221388  -1.37286347  2.27351562  -2.49326972  -0.94319164  -1.06862389  0.86902224  0.30423958  64516
9.9000  -1.77553402  -1.41461620  2.27016741  -2.46885052  -0.90096729  -1.09292348  0.87456673  0.32169272  65042
10.0000  -1.73748246  -1.45444909  2.26589220  -2.44463469  -0.85784038  -1.11180405  0.87964208  0.34264504  65254
