# PauliOperators.jl SparsePauliVector correlation data
# C(t) = <psi | A B(t) | psi>
# Corrected C(t) = raw C(t) - accumulated truncation change
#
# time  Re_C  Im_C  Abs_C  Phase_C  Re_C_raw  Im_C_raw  Re_accumulated_correction  Im_accumulated_correction  n_terms
0.0000  1.00000000  0.00000000  1.00000000  0.00000000  1.00000000  0.00000000  0.00000000  0.00000000  2
0.1000  0.99868908  0.04602222  0.99974893  0.04605005  0.99926402  0.04601175  0.00057495  -0.00001047  100
0.2000  0.99476902  0.09189281  0.99900435  0.09211460  0.99592589  0.09188287  0.00115687  -0.00000994  180
0.3000  0.98826082  0.13751056  0.99778184  0.13825629  0.98998949  0.13750556  0.00172867  -0.00000500  241
0.4000  0.97919664  0.18285095  0.99612275  0.18460948  0.98335365  0.18277205  0.00415700  -0.00007890  310
0.5000  0.96763388  0.22775390  0.99407604  0.23116444  0.97366543  0.22747321  0.00603155  -0.00028069  370
0.6000  0.95366044  0.27204927  0.99170512  0.27788746  0.96168225  0.27193934  0.00802181  -0.00010993  430
0.7000  0.93732349  0.31561983  0.98903549  0.32479953  0.94746567  0.31524419  0.01014218  -0.00037564  502
0.8000  0.91868810  0.35830670  0.98608900  0.37187340  0.93051714  0.35829526  0.01182903  -0.00001143  583
0.9000  0.89786614  0.39997894  0.98292764  0.41908645  0.91139775  0.40010272  0.01353161  0.00012378  638
1.0000  0.87505783  0.44049416  0.97967409  0.46635483  0.89015418  0.43998338  0.01509634  -0.00051077  697
1.1000  0.85039331  0.47975720  0.97638914  0.51364897  0.86722047  0.47866206  0.01682717  -0.00109514  765
1.2000  0.82403161  0.51765694  0.97313761  0.56089738  0.84273596  0.51470378  0.01870435  -0.00295316  844
1.3000  0.79615383  0.55410226  0.96999497  0.60801874  0.81630614  0.54975769  0.02015231  -0.00434457  927
1.4000  0.76690213  0.58898186  0.96697389  0.65492277  0.78800163  0.58399936  0.02109951  -0.00498250  989
1.5000  0.73635443  0.62219859  0.96402745  0.70156758  0.75833463  0.61647518  0.02198020  -0.00572341  1057
1.6000  0.70468829  0.65369119  0.96119600  0.74787319  0.72725370  0.64830753  0.02256541  -0.00538366  1127
1.7000  0.67200943  0.68336165  0.95842570  0.79377370  0.69526645  0.67895448  0.02325703  -0.00440717  1176
1.8000  0.63844343  0.71115753  0.95569611  0.83922434  0.66095569  0.70682692  0.02251225  -0.00433061  1259
1.9000  0.60414052  0.73699933  0.95297103  0.88414009  0.62582552  0.73340272  0.02168500  -0.00359660  1311
2.0000  0.56921545  0.76088879  0.95024101  0.92851692  0.58990673  0.75790818  0.02069127  -0.00298061  1388
2.1000  0.53375724  0.78276695  0.94742857  0.97233165  0.55331320  0.78037124  0.01955596  -0.00239571  1451
2.2000  0.49788514  0.80264464  0.94452529  1.01557973  0.51559852  0.80126048  0.01771339  -0.00138416  1506
2.3000  0.46168489  0.82053424  0.94150379  1.05828247  0.47744976  0.82052146  0.01576486  -0.00001279  1566
2.4000  0.42517186  0.83643318  0.93829184  1.10051856  0.43974056  0.83786713  0.01456870  0.00143395  1610
2.5000  0.38845317  0.85041372  0.93493281  1.14231731  0.40200906  0.85331643  0.01355589  0.00290271  1672
2.6000  0.35155303  0.86250697  0.93140099  1.18376023  0.36408073  0.86738408  0.01252770  0.00487711  1719
2.7000  0.31446074  0.87277527  0.92769728  1.22497539  0.32666886  0.87990171  0.01220813  0.00712644  1828
2.8000  0.27722684  0.88132124  0.92389493  1.26603745  0.29007984  0.89085006  0.01285300  0.00952883  1880
2.9000  0.23983624  0.88819043  0.92000199  1.30705844  0.25367784  0.89995199  0.01384160  0.01176156  1949
3.0000  0.20230466  0.89342784  0.91604611  1.34811504  0.21695916  0.90853687  0.01465450  0.01510903  1999
3.1000  0.16457330  0.89707590  0.91204689  1.38935858  0.17964306  0.91523975  0.01506976  0.01816385  2078
3.2000  0.12660131  0.89912316  0.90799249  1.43091065  0.14207750  0.91999079  0.01547618  0.02086763  2153
3.3000  0.08839858  0.89963053  0.90396316  1.47284977  0.10452540  0.92323399  0.01612683  0.02360346  2230
3.4000  0.05002868  0.89868920  0.90008063  1.51518523  0.06788644  0.92498398  0.01785776  0.02629478  2328
3.5000  0.01141030  0.89635636  0.89642899  1.55806737  0.03091627  0.92528350  0.01950597  0.02892714  2373
3.6000  -0.02743314  0.89267555  0.89309698  1.60151803  -0.00656220  0.92417223  0.02087094  0.03149668  2457
3.7000  -0.06651243  0.88767829  0.89016664  1.64558510  -0.04422564  0.92113447  0.02228678  0.03345618  2498
3.8000  -0.10581713  0.88138330  0.88771267  1.69028245  -0.08188210  0.91580243  0.02393503  0.03441913  2574
3.9000  -0.14525544  0.87383323  0.88582371  1.73551804  -0.11982792  0.90856567  0.02542752  0.03473244  2604
4.0000  -0.18477941  0.86500883  0.88452457  1.78124891  -0.15767799  0.89895449  0.02710142  0.03394566  2683
4.1000  -0.22430343  0.85493572  0.88387053  1.82737641  -0.19539188  0.88876731  0.02891155  0.03383159  2713
4.2000  -0.26380428  0.84361876  0.88390345  1.87386846  -0.23303559  0.87666868  0.03076869  0.03304992  2797
4.3000  -0.30323990  0.83103716  0.88463393  1.92067703  -0.26959699  0.86324205  0.03364291  0.03220490  2858
4.4000  -0.34254769  0.81718447  0.88607527  1.96772739  -0.30657908  0.84849950  0.03596861  0.03131503  2933
4.5000  -0.38163729  0.80205546  0.88822294  2.01491682  -0.34308985  0.83299354  0.03854744  0.03093808  2973
4.6000  -0.42047302  0.78562749  0.89107132  2.06221094  -0.38011254  0.81631106  0.04036047  0.03068358  3019
4.7000  -0.45895056  0.76785585  0.89456036  2.10952593  -0.41718504  0.79804419  0.04176552  0.03018833  3091
4.8000  -0.49696294  0.74871625  0.89863685  2.15677933  -0.45386857  0.77848104  0.04309437  0.02976479  3142
4.9000  -0.53441784  0.72820129  0.90326051  2.20390545  -0.49011325  0.75737036  0.04430459  0.02916907  3216
5.0000  -0.57121357  0.70631936  0.90838978  2.25083090  -0.52569547  0.73486039  0.04551810  0.02854103  3262
5.1000  -0.60720511  0.68307985  0.91394536  2.29745749  -0.56018282  0.71094577  0.04702228  0.02786592  3320
5.2000  -0.64229744  0.65854708  0.91990774  2.34370354  -0.59390689  0.68572061  0.04839055  0.02717353  3369
5.3000  -0.67641740  0.63275551  0.92623973  2.38953288  -0.62582526  0.65885936  0.05059214  0.02610385  3429
5.4000  -0.70933335  0.60575348  0.93278673  2.43479498  -0.65637029  0.63064941  0.05296306  0.02489593  3443
5.5000  -0.74096619  0.57758352  0.93948583  2.47947699  -0.68566041  0.60181124  0.05530578  0.02422771  3517
5.6000  -0.77128635  0.54831433  0.94632512  2.52358274  -0.71341234  0.57244876  0.05787400  0.02413444  3575
5.7000  -0.80022332  0.51802168  0.95325957  2.56708515  -0.74013467  0.54287851  0.06008865  0.02485683  3619
5.8000  -0.82770980  0.48672223  0.96020937  2.61001750  -0.76543741  0.51252053  0.06227239  0.02579830  3701
5.9000  -0.85363985  0.45445433  0.96707276  2.65238373  -0.78907222  0.48104816  0.06456763  0.02659383  3752
6.0000  -0.87790850  0.42126716  0.97375015  2.69419204  -0.81158120  0.44844514  0.06632730  0.02717798  3809
6.1000  -0.90044358  0.38719281  0.98016168  2.73549265  -0.83247253  0.41510174  0.06797105  0.02790892  3840
6.2000  -0.92115613  0.35227534  0.98621830  2.77632625  -0.85109682  0.38081553  0.07005932  0.02854019  3884
6.3000  -0.93997382  0.31661968  0.99186632  2.81669048  -0.86806578  0.34531684  0.07190804  0.02869716  3935
6.4000  -0.95680485  0.28029640  0.99701635  2.85661583  -0.88375738  0.30919647  0.07304747  0.02890007  3968
6.5000  -0.97159016  0.24332573  1.00159615  2.89619925  -0.89751148  0.27288811  0.07407868  0.02956238  4035
6.6000  -0.98430085  0.20579759  1.00558481  2.93548179  -0.90964211  0.23546761  0.07465874  0.02967001  4073
6.7000  -0.99485535  0.16772655  1.00889512  2.97456941  -0.92041526  0.19687299  0.07444010  0.02914645  4121
6.8000  -1.00319783  0.12915498  1.01147758  3.01355368  -0.92880833  0.15820510  0.07438950  0.02905012  4168
6.9000  -1.00929494  0.09019081  1.01331666  3.05246916  -0.93535729  0.11927750  0.07393765  0.02908669  4203
7.0000  -1.01313151  0.05090599  1.01440962  3.09138869  -0.93964678  0.08023268  0.07348473  0.02932669  4246
7.1000  -1.01468046  0.01137495  1.01474421  3.13038275  -0.94239306  0.04068275  0.07228739  0.02930780  4311
7.2000  -1.01389942  -0.02834633  1.01429559  -3.11364220  -0.94273250  0.00127452  0.07116691  0.02962085  4360
7.3000  -1.01077475  -0.06818205  1.01307175  -3.07423945  -0.94101326  -0.03837278  0.06976149  0.02980928  4407
7.4000  -1.00530707  -0.10803866  1.01109577  -3.03453522  -0.93715544  -0.07765794  0.06815163  0.03038073  4443
7.5000  -0.99751591  -0.14785032  1.00841346  -2.99444545  -0.93130684  -0.11673478  0.06620907  0.03111554  4485
7.6000  -0.98738472  -0.18749224  1.00502832  -2.95393907  -0.92354007  -0.15580138  0.06384465  0.03169086  4521
7.7000  -0.97494837  -0.22691233  1.00100626  -2.91292072  -0.91337600  -0.19467363  0.06157237  0.03223870  4566
7.8000  -0.96023459  -0.26598634  0.99639310  -2.87136670  -0.90061149  -0.23437275  0.05962311  0.03161360  4591
7.9000  -0.94323701  -0.30455550  0.99118621  -2.82927641  -0.88586590  -0.27340665  0.05737111  0.03114885  4648
8.0000  -0.92407072  -0.34253090  0.98551211  -2.78661821  -0.86900352  -0.31187685  0.05506720  0.03065405  4719
8.1000  -0.90277879  -0.37979654  0.97941562  -2.74337212  -0.84991221  -0.34985744  0.05286658  0.02993911  4759
8.2000  -0.87942066  -0.41620327  0.97293672  -2.69955693  -0.82933327  -0.38711121  0.05008740  0.02909206  4808
8.3000  -0.85408149  -0.45167028  0.96615798  -2.65514211  -0.80651555  -0.42354113  0.04756594  0.02812915  4840
8.4000  -0.82685755  -0.48607475  0.95914654  -2.61014900  -0.78177309  -0.45900347  0.04508447  0.02707129  4890
8.5000  -0.79786659  -0.51929056  0.95197362  -2.56462093  -0.75542244  -0.49359533  0.04244415  0.02569523  4931
8.6000  -0.76716517  -0.55121017  0.94465604  -2.51855647  -0.72727889  -0.52639812  0.03988627  0.02481205  4991
8.7000  -0.73493371  -0.58174173  0.93731051  -2.47202129  -0.69753868  -0.55770711  0.03739502  0.02403462  5033
8.8000  -0.70126564  -0.61078603  0.92996401  -2.42504589  -0.66656881  -0.58792356  0.03469683  0.02286247  5078
8.9000  -0.66628126  -0.63828374  0.92267917  -2.37765238  -0.63398368  -0.61659718  0.03229758  0.02168656  5132
9.0000  -0.63011422  -0.66414743  0.91549754  -2.32990508  -0.60010721  -0.64343765  0.03000701  0.02070978  5167
9.1000  -0.59289553  -0.68825024  0.90841263  -2.28190223  -0.56439207  -0.66895787  0.02850346  0.01929237  5226
9.2000  -0.55476687  -0.71048351  0.90141728  -2.23373848  -0.52801092  -0.69223507  0.02675595  0.01824844  5266
9.3000  -0.51591961  -0.73081351  0.89457332  -2.18550608  -0.49077309  -0.71438924  0.02514651  0.01642427  5337
9.4000  -0.47648762  -0.74921093  0.88789497  -2.13725667  -0.45263073  -0.73424965  0.02385690  0.01496128  5380
9.5000  -0.43661602  -0.76563326  0.88137837  -2.08906699  -0.41364511  -0.75168127  0.02297091  0.01395198  5426
9.6000  -0.39647217  -0.78003693  0.87501303  -2.04104088  -0.37385784  -0.76739205  0.02261433  0.01264488  5466
9.7000  -0.35616379  -0.79242900  0.86879017  -1.99319968  -0.33336503  -0.78027507  0.02279876  0.01215393  5503
9.8000  -0.31583182  -0.80278129  0.86267465  -1.94561918  -0.29157908  -0.79174916  0.02425274  0.01103213  5565
9.9000  -0.27558883  -0.81107880  0.85662012  -1.89833814  -0.25089316  -0.80095860  0.02469568  0.01012020  5616
10.0000  -0.23553437  -0.81740258  0.85066058  -1.85134622  -0.21038776  -0.80802407  0.02514661  0.00937851  5644
