# PauliOperators.jl SparsePauliVector correlation data
# C(t) = <psi | A B(t) | psi>
# Corrected C(t) = raw C(t) - accumulated truncation change
#
# time  Re_C  Im_C  Abs_C  Phase_C  Re_C_raw  Im_C_raw  Re_accumulated_correction  Im_accumulated_correction  n_terms
0.0000  1.00000000  0.00000000  1.00000000  0.00000000  1.00000000  0.00000000  0.00000000  0.00000000  2
0.1000  0.99893872  0.04605230  0.99999969  0.04606861  0.99904747  0.04605035  0.00010875  -0.00000196  10
0.2000  0.99575692  0.09200244  0.99999814  0.09213290  0.99590630  0.09199626  0.00014938  -0.00000618  16
0.3000  0.99046161  0.13774098  0.99999339  0.13818121  0.99044225  0.13772215  -0.00001936  -0.00001883  16
0.4000  0.98306901  0.18315757  0.99998568  0.18420007  0.98281616  0.18311335  -0.00025284  -0.00004422  16
0.5000  0.97359478  0.22814286  0.99996797  0.23017731  0.97304622  0.22805663  -0.00054855  -0.00008623  16
0.6000  0.96206198  0.27259182  0.99993478  0.27610432  0.96115871  0.27244317  -0.00090327  -0.00014865  20
0.7000  0.94849867  0.31640117  0.99987971  0.32197347  0.94740555  0.31616596  -0.00109312  -0.00023521  22
0.8000  0.93293250  0.35948022  0.99979452  0.36778999  0.93183938  0.35911818  -0.00109312  -0.00036204  22
0.9000  0.91540441  0.40174017  0.99968015  0.41355668  0.91431129  0.40119388  -0.00109312  -0.00054629  22
1.0000  0.89595342  0.44308641  0.99952893  0.45927151  0.89486030  0.44229270  -0.00109312  -0.00079370  26
1.1000  0.87461731  0.48342673  0.99932820  0.50493633  0.87352419  0.48231726  -0.00109312  -0.00110947  26
1.2000  0.85144500  0.52267134  0.99907153  0.55055121  0.85035188  0.52143177  -0.00109312  -0.00123957  28
1.3000  0.82648014  0.56073299  0.99874467  0.59612224  0.82538702  0.55949342  -0.00109312  -0.00123957  28
1.4000  0.79976924  0.59752722  0.99833342  0.64165827  0.79867612  0.59628765  -0.00109312  -0.00123957  28
1.5000  0.77136993  0.63297252  0.99783054  0.68716574  0.77027681  0.63173295  -0.00109312  -0.00123957  28
1.6000  0.74134346  0.66699075  0.99722956  0.73265235  0.74025034  0.66575118  -0.00109312  -0.00123957  28
1.7000  0.70975454  0.69950734  0.99652497  0.77812697  0.70866142  0.69826777  -0.00109312  -0.00123957  32
1.8000  0.67667184  0.73045141  0.99571283  0.82359909  0.67557872  0.72921184  -0.00109312  -0.00123957  32
1.9000  0.64216732  0.75975601  0.99479046  0.86907898  0.64107420  0.75851644  -0.00109312  -0.00123957  32
2.0000  0.60631612  0.78735825  0.99375663  0.91457753  0.60522300  0.78611868  -0.00109312  -0.00123957  32
2.1000  0.56919635  0.81319942  0.99261160  0.96010605  0.56810323  0.81195985  -0.00109312  -0.00123957  32
2.2000  0.53088898  0.83722517  0.99135719  1.00567611  0.52979586  0.83598560  -0.00109312  -0.00123957  32
2.3000  0.49147762  0.85938558  0.98999688  1.05129928  0.49038450  0.85814601  -0.00109312  -0.00123957  32
2.4000  0.45104837  0.87963531  0.98853574  1.09698699  0.44995525  0.87839574  -0.00109312  -0.00123957  32
2.5000  0.40968964  0.89793367  0.98698049  1.14275024  0.40859652  0.89669410  -0.00109312  -0.00123957  32
2.6000  0.36749193  0.91424471  0.98533939  1.18859943  0.36639881  0.91300514  -0.00109312  -0.00123957  32
2.7000  0.32454766  0.92853729  0.98362222  1.23454410  0.32345454  0.92729772  -0.00109312  -0.00123957  32
2.8000  0.28095094  0.94078512  0.98184015  1.28059271  0.27985782  0.93954555  -0.00109312  -0.00123957  32
2.9000  0.23679740  0.95096684  0.98000558  1.32675247  0.23570428  0.94972727  -0.00109312  -0.00123957  32
3.0000  0.19218397  0.95906600  0.97813203  1.37302906  0.19109085  0.95782643  -0.00109312  -0.00123957  32
3.1000  0.14720863  0.96507283  0.97623560  1.41942683  0.14609465  0.96383326  -0.00111398  -0.00123957  30
3.2000  0.10197022  0.96897641  0.97432706  1.46594726  0.10085624  0.96773684  -0.00111398  -0.00123957  32
3.3000  0.05656832  0.97077784  0.97242459  1.51259102  0.05545434  0.96953827  -0.00111398  -0.00123957  32
3.4000  0.01110285  0.97048046  0.97054397  1.55935626  0.00998887  0.96924089  -0.00111398  -0.00123957  32
3.5000  -0.03432606  0.96809249  0.96870086  1.60623890  -0.03544004  0.96685292  -0.00111398  -0.00123957  32
3.6000  -0.07961834  0.96362702  0.96691060  1.65323268  -0.08073232  0.96238745  -0.00111398  -0.00123957  32
3.7000  -0.12467416  0.95710189  0.96518790  1.70032912  -0.12578813  0.95586232  -0.00111398  -0.00123957  32
3.8000  -0.16939417  0.94853967  0.96354652  1.74751753  -0.17050815  0.94730010  -0.00111398  -0.00123957  32
3.9000  -0.21367978  0.93796756  0.96199906  1.79478516  -0.21479375  0.93672799  -0.00111398  -0.00123957  32
4.0000  -0.25743328  0.92541726  0.96055661  1.84211726  -0.25854726  0.92417769  -0.00111398  -0.00123957  32
4.1000  -0.30055818  0.91092494  0.95922858  1.88949731  -0.30167215  0.90968537  -0.00111398  -0.00123957  32
4.2000  -0.34295935  0.89453105  0.95802240  1.93690722  -0.34407333  0.89329148  -0.00111398  -0.00123957  32
4.3000  -0.38454331  0.87628023  0.95694336  1.98432758  -0.38565729  0.87504066  -0.00111398  -0.00123957  32
4.4000  -0.42521838  0.85622117  0.95599444  2.03173799  -0.42633236  0.85498160  -0.00111398  -0.00123957  32
4.5000  -0.46489496  0.83440648  0.95517616  2.07911734  -0.46600894  0.83316691  -0.00111398  -0.00123957  32
4.6000  -0.50348571  0.81089249  0.95448650  2.12644418  -0.50459969  0.80965292  -0.00111398  -0.00123957  32
4.7000  -0.54090576  0.78573914  0.95392087  2.17369709  -0.54201973  0.78449957  -0.00111398  -0.00123957  32
4.8000  -0.57707291  0.75900978  0.95347207  2.22085505  -0.57818689  0.75777021  -0.00111398  -0.00123957  32
4.9000  -0.61190786  0.73077101  0.95313037  2.26789781  -0.61302184  0.72953144  -0.00111398  -0.00123957  32
5.0000  -0.64533437  0.70109248  0.95288358  2.31480622  -0.64644834  0.69985291  -0.00111398  -0.00123957  32
5.1000  -0.67727944  0.67004673  0.95271720  2.36156264  -0.67839342  0.66880716  -0.00111398  -0.00123957  32
5.2000  -0.70767354  0.63770896  0.95261459  2.40815117  -0.70878751  0.63646939  -0.00111398  -0.00123957  32
5.3000  -0.73645070  0.60415686  0.95255716  2.45455803  -0.73756468  0.60291729  -0.00111398  -0.00123957  32
5.4000  -0.76354876  0.56947038  0.95252466  2.50077174  -0.76466273  0.56823082  -0.00111398  -0.00123957  32
5.5000  -0.78890607  0.53373164  0.95249265  2.54678133  -0.79002005  0.53249207  -0.00111398  -0.00123957  28
5.6000  -0.81247294  0.49702457  0.95244197  2.59258336  -0.81358691  0.49578500  -0.00111398  -0.00123957  32
5.7000  -0.83419831  0.45943469  0.95234818  2.63817383  -0.83531229  0.45819512  -0.00111398  -0.00123957  32
5.8000  -0.85403656  0.42104897  0.95218732  2.68355228  -0.85515054  0.41980940  -0.00111398  -0.00123957  32
5.9000  -0.87194651  0.38195561  0.95193530  2.72872120  -0.87306049  0.38071604  -0.00111398  -0.00123957  32
6.0000  -0.88789153  0.34224382  0.95156829  2.77368605  -0.88900551  0.34100425  -0.00111398  -0.00123957  32
6.1000  -0.90183966  0.30200359  0.95106306  2.81845520  -0.90295363  0.30076402  -0.00111398  -0.00123957  32
6.2000  -0.91376364  0.26132550  0.95039729  2.86303989  -0.91487762  0.26008593  -0.00111398  -0.00123957  32
6.3000  -0.92364105  0.22030048  0.94954994  2.90745407  -0.92475502  0.21906091  -0.00111398  -0.00123957  32
6.4000  -0.93145430  0.17901962  0.94850153  2.95171432  -0.93256828  0.17778005  -0.00111398  -0.00123957  32
6.5000  -0.93719076  0.13757394  0.94723445  2.99583967  -0.93830474  0.13633437  -0.00111398  -0.00123957  32
6.6000  -0.94084270  0.09605420  0.94573326  3.03985137  -0.94195668  0.09481463  -0.00111398  -0.00123957  32
6.7000  -0.94240739  0.05455068  0.94398489  3.08377278  -0.94352137  0.05331111  -0.00111398  -0.00123957  32
6.8000  -0.94188706  0.01315300  0.94197890  3.12762904  -0.94300104  0.01191343  -0.00111398  -0.00123957  32
6.9000  -0.93928894  -0.02805010  0.93970768  -3.11173841  -0.94040292  -0.02928966  -0.00111398  -0.00123957  32
7.0000  -0.93462521  -0.06897094  0.93716662  -3.06793089  -0.93573918  -0.07021051  -0.00111398  -0.00123957  32
7.1000  -0.92791296  -0.10952309  0.93435420  -3.02410459  -0.92902694  -0.11076266  -0.00111398  -0.00123957  32
7.2000  -0.91917421  -0.14962156  0.93127216  -2.98022968  -0.92028819  -0.15086113  -0.00111398  -0.00123957  32
7.3000  -0.90843579  -0.18918296  0.92792553  -2.93627586  -0.90954977  -0.19042253  -0.00111398  -0.00123957  32
7.4000  -0.89572931  -0.22812569  0.92432263  -2.89221274  -0.89684328  -0.22936526  -0.00111398  -0.00123957  32
7.5000  -0.88109105  -0.26637010  0.92047513  -2.84801018  -0.88220502  -0.26760966  -0.00111398  -0.00123957  32
7.6000  -0.86456189  -0.30383862  0.91639794  -2.80363866  -0.86567587  -0.30507819  -0.00111398  -0.00123957  32
7.7000  -0.84618722  -0.34045599  0.91210915  -2.75906962  -0.84730120  -0.34169556  -0.00111398  -0.00123957  32
7.8000  -0.82601677  -0.37614930  0.90762988  -2.71427596  -0.82713075  -0.37738887  -0.00111398  -0.00123957  32
7.9000  -0.80410453  -0.41084822  0.90298413  -2.66923233  -0.80521850  -0.41208779  -0.00111398  -0.00123957  32
8.0000  -0.78050857  -0.44448506  0.89819853  -2.62391568  -0.78162255  -0.44572463  -0.00111398  -0.00123957  32
8.1000  -0.75529093  -0.47699497  0.89330207  -2.57830562  -0.75640490  -0.47823454  -0.00111398  -0.00123957  32
8.2000  -0.72851741  -0.50831597  0.88832581  -2.53238486  -0.72963139  -0.50955554  -0.00111398  -0.00123957  32
8.3000  -0.70025744  -0.53838913  0.88330252  -2.48613971  -0.70137142  -0.53962870  -0.00111398  -0.00123957  32
8.4000  -0.67058387  -0.56715862  0.87826626  -2.43956041  -0.67169784  -0.56839819  -0.00111398  -0.00123957  32
8.5000  -0.63957276  -0.59457183  0.87325196  -2.39264160  -0.64068674  -0.59581140  -0.00111398  -0.00123957  32
8.6000  -0.60730324  -0.62057945  0.86829493  -2.34538263  -0.60841722  -0.62181902  -0.00111398  -0.00123957  32
8.7000  -0.57385722  -0.64513556  0.86343036  -2.29778785  -0.57497119  -0.64637513  -0.00111398  -0.00123957  32
8.8000  -0.53931922  -0.66819764  0.85869280  -2.24986689  -0.54043320  -0.66943721  -0.00111398  -0.00123957  32
8.9000  -0.50377616  -0.68972672  0.85411555  -2.20163475  -0.50489014  -0.69096629  -0.00111398  -0.00123957  32
9.0000  -0.46731706  -0.70968735  0.84973017  -2.15311190  -0.46843104  -0.71092692  -0.00111398  -0.00123957  32
9.1000  -0.43003287  -0.72804769  0.84556591  -2.10432418  -0.43114685  -0.72928726  -0.00111398  -0.00123957  32
9.2000  -0.39201619  -0.74477954  0.84164913  -2.05530261  -0.39313017  -0.74601910  -0.00111398  -0.00123957  32
9.3000  -0.35336104  -0.75985835  0.83800283  -2.00608311  -0.35447502  -0.76109792  -0.00111398  -0.00123957  32
9.4000  -0.31416258  -0.77326329  0.83464618  -1.95670605  -0.31527656  -0.77450286  -0.00111398  -0.00123957  32
9.5000  -0.27451690  -0.78497717  0.83159407  -1.90721564  -0.27563087  -0.78621674  -0.00111398  -0.00123957  32
9.6000  -0.23452070  -0.79498656  0.82885680  -1.85765929  -0.23563468  -0.79622613  -0.00111398  -0.00123957  32
9.7000  -0.19427111  -0.80328169  0.82643979  -1.80808679  -0.19538508  -0.80452126  -0.00111398  -0.00123957  32
9.8000  -0.15386535  -0.80985650  0.82434343  -1.75854947  -0.15497933  -0.81109607  -0.00111398  -0.00123957  32
9.9000  -0.11340054  -0.81470859  0.82256293  -1.70909925  -0.11451451  -0.81594816  -0.00111398  -0.00123957  32
10.0000  -0.07297338  -0.81783924  0.82108838  -1.65978770  -0.07408735  -0.81907881  -0.00111398  -0.00123957  32
