# PauliOperators.jl SparsePauliVector correlation data
# C(t) = <psi | A B(t) | psi>
# Corrected C(t) = raw C(t) - accumulated truncation change
#
# time  Re_C  Im_C  Abs_C  Phase_C  Re_C_raw  Im_C_raw  Re_accumulated_correction  Im_accumulated_correction  n_terms
0.0000  1.00000000  0.00000000  1.00000000  0.00000000  1.00000000  0.00000000  0.00000000  0.00000000  2
0.1000  0.99828902  0.04633823  0.99936390  0.04638435  1.00857627  0.04479845  0.01028725  -0.00153978  933
0.2000  0.99310433  0.09396914  0.99754018  0.09434074  1.02795849  0.08511430  0.03485416  -0.00885485  1648
0.3000  0.98688142  0.14357996  0.99727135  0.14447489  1.04089985  0.11643437  0.05401843  -0.02714558  2452
0.4000  0.98172506  0.19427707  1.00076355  0.19536932  1.04787627  0.13707309  0.06615121  -0.05720398  3293
0.5000  0.97540557  0.24523848  1.00576236  0.24631663  1.05251759  0.17825812  0.07711202  -0.06698036  4321
0.6000  0.96607082  0.29589601  1.01036987  0.29721568  1.06112666  0.23929127  0.09505584  -0.05660474  5749
0.7000  0.95323353  0.34612669  1.01412911  0.34830424  1.07884082  0.30865407  0.12560729  -0.03747262  6778
0.8000  0.93650705  0.39726607  1.01728354  0.40119265  1.11039518  0.38472520  0.17388813  -0.01254087  8328
0.9000  0.91511384  0.45160195  1.02047913  0.45842818  1.15769867  0.46628160  0.24258484  0.01467965  9569
1.0000  0.88852355  0.51003746  1.02450589  0.52110355  1.22252841  0.54869683  0.33400486  0.03865936  10889
1.1000  0.85614691  0.57376307  1.03062679  0.59042334  1.30846147  0.62661555  0.45231456  0.05285248  12500
1.2000  0.81875594  0.64313840  1.04114758  0.66584097  1.40308401  0.69380971  0.58432807  0.05067131  13654
1.3000  0.77832720  0.71827614  1.05910993  0.74529477  1.49996873  0.74386909  0.72164152  0.02559295  14653
1.4000  0.74004399  0.79985369  1.08969310  0.82421870  1.60216630  0.76056076  0.86212231  -0.03929293  15743
1.5000  0.70513181  0.88784016  1.13378615  0.89959567  1.69787734  0.74598401  0.99274553  -0.14185615  17045
1.6000  0.67548212  0.98089019  1.19097509  0.96773397  1.78822478  0.70598165  1.11274266  -0.27490855  18517
1.7000  0.64931105  1.07729085  1.25783958  1.02837493  1.87207846  0.66828113  1.22276742  -0.40900971  20092
1.8000  0.62597143  1.17574661  1.33199862  1.08156332  1.94797851  0.66163169  1.32200708  -0.51411492  21766
1.9000  0.60165176  1.27555834  1.41033114  1.13006260  2.01355549  0.69569422  1.41190373  -0.57986412  23153
2.0000  0.57419319  1.37340426  1.48860239  1.17480134  2.06675745  0.76261672  1.49256426  -0.61078754  24362
2.1000  0.54106527  1.47004547  1.56645629  1.21812368  2.10604515  0.84750761  1.56497988  -0.62253786  25686
2.2000  0.50181687  1.56752108  1.64588654  1.26097179  2.15274857  0.93195756  1.65093170  -0.63556352  27719
2.3000  0.45578136  1.66755848  1.72872436  1.30399028  2.21679832  1.00922380  1.76101697  -0.65833468  29869
2.4000  0.40195111  1.77232681  1.81733514  1.34777605  2.29820781  1.07069798  1.89625669  -0.70162883  31977
2.5000  0.34316954  1.88364415  1.91464896  1.39058889  2.40513986  1.10873273  2.06197032  -0.77491142  33730
2.6000  0.28271943  2.00306505  2.02291865  1.43057913  2.52002321  1.11315588  2.23730378  -0.88990917  35439
2.7000  0.22505775  2.13011522  2.14197149  1.46553166  2.63449797  1.07520664  2.40944022  -1.05490859  37285
2.8000  0.17319346  2.26376615  2.27038172  1.49443829  2.73612003  1.00105917  2.56292656  -1.26270698  39198
2.9000  0.12860601  2.40259725  2.40603679  1.51731945  2.81810233  0.88097900  2.68949632  -1.52161825  40301
3.0000  0.09451788  2.54573919  2.54749321  1.53368550  2.87410514  0.69927435  2.77958726  -1.84646485  41579
3.1000  0.07127380  2.69642667  2.69736848  1.54436979  2.89831326  0.52965957  2.82703945  -2.16676709  42876
3.2000  0.05694803  2.84702504  2.84759454  1.55079635  2.86842400  0.36842505  2.81147596  -2.47860000  44379
3.3000  0.05344331  2.99463604  2.99511289  1.55295188  2.80143229  0.20760616  2.74798898  -2.78702989  45519
3.4000  0.05784563  3.13770783  3.13824099  1.55236278  2.70574112  0.05839733  2.64789550  -3.07931050  47224
3.5000  0.06870276  3.27201245  3.27273365  1.54980232  2.57357014  -0.06783872  2.50486738  -3.33985117  48995
3.6000  0.08459327  3.39509598  3.39614969  1.54588517  2.41810507  -0.17254050  2.33351180  -3.56763648  50209
3.7000  0.10328413  3.50547428  3.50699551  1.54134118  2.25245506  -0.27376454  2.14917093  -3.77923881  51348
3.8000  0.11993761  3.60221608  3.60421221  1.53751311  2.07779395  -0.34180121  1.95785633  -3.94401728  53091
3.9000  0.13547604  3.68528241  3.68777172  1.53405150  1.89178155  -0.37572551  1.75630550  -4.06100792  55182
4.0000  0.15017215  3.75683885  3.75983907  1.53084459  1.70125686  -0.36824481  1.55108471  -4.12508366  57162
4.1000  0.16495690  3.81901559  3.82257647  1.52762959  1.51984913  -0.34680521  1.35489224  -4.16582080  59041
4.2000  0.17747069  3.87584280  3.87990377  1.52503936  1.35351710  -0.29786429  1.17604641  -4.17370709  60317
4.3000  0.18478398  3.92693394  3.93127909  1.52377547  1.20401631  -0.23159176  1.01923233  -4.15852571  61198
4.4000  0.18445587  3.97419753  3.97847583  1.52441625  1.06347858  -0.13160652  0.87902271  -4.10580405  62229
4.5000  0.17540313  4.01758225  4.02140938  1.52716516  0.93762909  -0.02028496  0.76222596  -4.03786721  63170
4.6000  0.15840177  4.05390886  4.05700236  1.53174236  0.82365787  0.08080512  0.66525610  -3.97310374  64309
4.7000  0.13534027  4.08179324  4.08403637  1.53765141  0.72475153  0.20223088  0.58941126  -3.87956237  65646
4.8000  0.10402401  4.10136381  4.10268279  1.54543849  0.63011946  0.32412057  0.52609545  -3.77724324  66969
4.9000  0.07037352  4.11325817  4.11386014  1.55368905  0.53353254  0.45037946  0.46315902  -3.66287871  68486
5.0000  0.03828729  4.11784066  4.11801865  1.56149869  0.44385151  0.56964539  0.40556422  -3.54819527  69365
5.1000  0.00708192  4.11842893  4.11843502  1.56907676  0.35795381  0.69266727  0.35087189  -3.42576166  69761
5.2000  -0.02259646  4.11527038  4.11533242  1.57628715  0.27917919  0.81870164  0.30177565  -3.29656875  70686
5.3000  -0.05271192  4.10922589  4.10956396  1.58362332  0.19743831  0.94633811  0.25015023  -3.16288778  71524
5.4000  -0.08908855  4.10137052  4.10233798  1.59251457  0.11816220  1.07916515  0.20725075  -3.02220537  72644
5.5000  -0.13309175  4.08928814  4.09145339  1.60333128  0.03555156  1.22815347  0.16864331  -2.86113467  73370
5.6000  -0.18604971  4.06980683  4.07405721  1.61647915  -0.04261404  1.39734965  0.14343567  -2.67245718  73654
5.7000  -0.24717808  4.04216624  4.04971665  1.63187018  -0.10655958  1.55493383  0.14061850  -2.48723241  73892
5.8000  -0.31631140  4.00727761  4.01974213  1.64956724  -0.15179634  1.70305230  0.16451506  -2.30422532  74341
5.9000  -0.39022489  3.96583031  3.98498250  1.66887737  -0.18529145  1.84406673  0.20493343  -2.12176358  74827
6.0000  -0.46791261  3.92020113  3.94802724  1.68959364  -0.21303991  1.96970132  0.25487270  -1.95049981  74825
6.1000  -0.54830857  3.87039660  3.90904235  1.71152712  -0.24193072  2.08068799  0.30637785  -1.78970860  75267
6.2000  -0.63241427  3.81941288  3.87141609  1.73488647  -0.27617196  2.17772628  0.35624232  -1.64168660  75638
6.3000  -0.72159663  3.76634479  3.83484742  1.76009310  -0.32041930  2.26034207  0.40117733  -1.50600272  75605
6.4000  -0.81665387  3.71219942  3.80096673  1.78733892  -0.38055091  2.34089402  0.43610296  -1.37130540  75824
6.5000  -0.91787283  3.65566976  3.76913942  1.81679307  -0.45302567  2.41770971  0.46484716  -1.23796006  76040
6.6000  -1.02433928  3.59786955  3.74084700  1.84816464  -0.53000995  2.49303643  0.49432934  -1.10483312  76415
6.7000  -1.13681649  3.53761584  3.71578761  1.88172432  -0.61674404  2.57752731  0.52007246  -0.96008853  76709
6.8000  -1.25226822  3.47592543  3.69462222  1.91659004  -0.70327421  2.66059001  0.54899402  -0.81533543  76928
6.9000  -1.37129006  3.41176731  3.67703584  1.95296499  -0.79187352  2.74296258  0.57941653  -0.66880472  77230
7.0000  -1.49217080  3.34590439  3.66355700  1.99029331  -0.87349794  2.81798002  0.61867286  -0.52792437  77393
7.1000  -1.61418783  3.27942365  3.65516372  2.02819811  -0.94629099  2.88982830  0.66789685  -0.38959535  77638
7.2000  -1.73702547  3.21189727  3.65151223  2.06655634  -1.01234840  2.95430675  0.72467708  -0.25759052  77709
7.3000  -1.86201617  3.14394396  3.65396878  2.10550143  -1.07505158  3.01021343  0.78696460  -0.13373053  77523
7.4000  -1.98879764  3.07411194  3.66134952  2.14502466  -1.14216487  3.05916119  0.84663278  -0.01495075  77448
7.5000  -2.11683759  3.00319790  3.67426169  2.18477738  -1.20316207  3.10188523  0.91367552  0.09868733  77577
7.6000  -2.24647883  2.92978379  3.69192364  2.22494596  -1.26537359  3.14086181  0.98110524  0.21107802  77431
7.7000  -2.37848595  2.85406734  3.71522487  2.26555456  -1.31818383  3.17226927  1.06030212  0.31820193  77233
7.8000  -2.51121321  2.77593320  3.74326020  2.30616767  -1.36011686  3.19475811  1.15109635  0.41882491  77219
7.9000  -2.64446567  2.69668973  3.77694774  2.34641713  -1.39075035  3.21257710  1.25371532  0.51588737  77161
8.0000  -2.77767907  2.61524209  3.81510055  2.38630579  -1.41567194  3.21515084  1.36200714  0.59990876  76831
8.1000  -2.91043895  2.53345096  3.85863041  2.42533386  -1.43464975  3.20589544  1.47578920  0.67244449  76662
8.2000  -3.04189990  2.45079963  3.90635045  2.46339754  -1.44900973  3.18737913  1.59289017  0.73657950  76535
8.3000  -3.17255262  2.36765759  3.95864783  2.50046749  -1.46487898  3.15632000  1.70767364  0.78866241  76430
8.4000  -3.30210498  2.28346913  4.01473891  2.53658118  -1.48195596  3.10745991  1.82014901  0.82399077  76406
8.5000  -3.43141614  2.19865661  4.07537822  2.57175239  -1.50415416  3.05416547  1.92726198  0.85550886  76023
8.6000  -3.55995979  2.11301921  4.13982655  2.60592824  -1.52963152  3.00110136  2.03032827  0.88808216  75670
8.7000  -3.68833386  2.02546109  4.20788537  2.63939965  -1.56383686  2.95997590  2.12449701  0.93451481  75303
8.8000  -3.81704823  1.93711230  4.28045105  2.67197133  -1.59898942  2.93265981  2.21805881  0.99554751  75056
8.9000  -3.94580933  1.84811859  4.35717266  2.70356355  -1.63065536  2.91518855  2.31515396  1.06706995  74975
9.0000  -4.07453340  1.75837016  4.43775710  2.73418611  -1.65860016  2.89745795  2.41593324  1.13908779  74711
9.1000  -4.20342983  1.66793588  4.52225966  2.76384487  -1.68396514  2.87663154  2.51946469  1.20869566  74205
9.2000  -4.33056154  1.57597693  4.60841258  2.79257137  -1.71002228  2.84194648  2.62053926  1.26596955  73728
9.3000  -4.45509665  1.48295806  4.69542871  2.82026117  -1.73343523  2.79973538  2.72166142  1.31677731  73134
9.4000  -4.57672366  1.38863508  4.78275097  2.84700809  -1.76012399  2.75481651  2.81659967  1.36618142  72889
9.5000  -4.69653707  1.29168477  4.87092497  2.87319931  -1.78963184  2.70435006  2.90690523  1.41266529  72528
9.6000  -4.81548762  1.19363851  4.96121900  2.89861508  -1.81455214  2.65941581  3.00093549  1.46577730  72103
9.7000  -4.93390898  1.09312243  5.05355068  2.92356151  -1.84015317  2.61971724  3.09375581  1.52659480  71926
9.8000  -5.05140091  0.99046989  5.14758990  2.94797083  -1.86248795  2.58239936  3.18891296  1.59192947  71927
9.9000  -5.16904123  0.88647800  5.24450479  2.97174735  -1.88044530  2.54805520  3.28859593  1.66157720  71552
10.0000  -5.28605077  0.78211321  5.34359746  2.99470042  -1.89767616  2.52465291  3.38837461  1.74253971  71237
