# PauliOperators.jl SparsePauliVector correlation data
# C(t) = <psi | A B(t) | psi>
# Corrected C(t) = raw C(t) - accumulated truncation change
#
# time  Re_C  Im_C  Abs_C  Phase_C  Re_C_raw  Im_C_raw  Re_accumulated_correction  Im_accumulated_correction  n_terms
0.0000  1.00000000  0.00000000  1.00000000  0.00000000  1.00000000  0.00000000  0.00000000  0.00000000  2
0.1000  0.99882305  0.04604268  0.99988370  0.04606433  0.99901866  0.04603587  0.00019561  -0.00000682  48
0.2000  0.99529825  0.09195178  0.99953676  0.09212465  0.99545544  0.09192681  0.00015720  -0.00002497  68
0.3000  0.98944130  0.13758159  0.99896085  0.13816386  0.98900956  0.13751955  -0.00043174  -0.00006205  86
0.4000  0.98128058  0.18279535  0.99816117  0.18417149  0.98086781  0.18265348  -0.00041277  -0.00014187  98
0.5000  0.97086537  0.22747533  0.99715826  0.23015003  0.97069560  0.22715774  -0.00016977  -0.00031759  106
0.6000  0.95823246  0.27150054  0.99595281  0.27609831  0.95834216  0.27087662  0.00010970  -0.00062392  112
0.7000  0.94342531  0.31474741  0.99454374  0.32201030  0.94423622  0.31394572  0.00081091  -0.00080168  130
0.8000  0.92651418  0.35710633  0.99295189  0.36788325  0.92799443  0.35648106  0.00148025  -0.00062527  146
0.9000  0.90753584  0.39845782  0.99115586  0.41371457  0.90955527  0.39809288  0.00201943  -0.00036494  144
1.0000  0.88657900  0.43868238  0.98917367  0.45948176  0.88918942  0.43862680  0.00261042  -0.00005558  152
1.1000  0.86371176  0.47768578  0.98700643  0.50519071  0.86696873  0.47798537  0.00325698  0.00029959  158
1.2000  0.83902634  0.51537945  0.98467313  0.55083812  0.84297736  0.51607459  0.00395102  0.00069514  176
1.3000  0.81263926  0.55166691  0.98220107  0.59639554  0.81731573  0.55278471  0.00467647  0.00111780  190
1.4000  0.78465393  0.58647433  0.97960907  0.64185465  0.79008561  0.58778145  0.00543168  0.00130711  198
1.5000  0.75518782  0.61972886  0.97691991  0.68719351  0.76140696  0.62124527  0.00621915  0.00151641  206
1.6000  0.72434042  0.65137922  0.97414780  0.73241286  0.73137736  0.65312209  0.00703694  0.00174287  219
1.7000  0.69224896  0.68139473  0.97134309  0.77749655  0.70011535  0.68337264  0.00786640  0.00197790  224
1.8000  0.65901951  0.70973469  0.96851951  0.82243329  0.66772853  0.71165598  0.00870903  0.00192129  231
1.9000  0.62476336  0.73637784  0.96570263  0.86721577  0.63431964  0.73800736  0.00955628  0.00162952  238
2.0000  0.58960310  0.76130668  0.96292247  0.91182246  0.59999440  0.76260592  0.01039130  0.00129925  242
2.1000  0.55363920  0.78450253  0.96018778  0.95624168  0.56485306  0.78543742  0.01121386  0.00093490  249
2.2000  0.51696854  0.80597509  0.95752406  1.00047641  0.52899165  0.80650027  0.01202311  0.00052518  251
2.3000  0.47968365  0.82572943  0.95494790  1.04452357  0.49297555  0.82555294  0.01329191  -0.00017649  263
2.4000  0.44187801  0.84379395  0.95249378  1.08838468  0.45598259  0.84265736  0.01410458  -0.00113659  275
2.5000  0.40363904  0.86017733  0.95017342  1.13204913  0.41853628  0.85800227  0.01489724  -0.00217506  281
2.6000  0.36504604  0.87489499  0.94799781  1.17551206  0.38096589  0.87160109  0.01591986  -0.00329390  285
2.7000  0.32616124  0.88798946  0.94599494  1.21879068  0.34278254  0.88349514  0.01662131  -0.00449432  299
2.8000  0.28704480  0.89946637  0.94415807  1.26188469  0.30416157  0.89370054  0.01711677  -0.00576583  306
2.9000  0.24775004  0.90933400  0.94247992  1.30480034  0.26537808  0.90226166  0.01762804  -0.00707234  311
3.0000  0.20832587  0.91763829  0.94098868  1.34755629  0.22648490  0.90922490  0.01815902  -0.00841339  312
3.1000  0.16881049  0.92440040  0.93968775  1.39017045  0.18752862  0.91462566  0.01871813  -0.00977473  330
3.2000  0.12923581  0.92965817  0.93859801  1.43266724  0.14858357  0.91884724  0.01934776  -0.01081093  334
3.3000  0.08962192  0.93345009  0.93774259  1.47507825  0.10960493  0.92143160  0.01998301  -0.01201849  336
3.4000  0.05001475  0.93580053  0.93713612  1.51740117  0.07024335  0.92225957  0.02022859  -0.01354096  342
3.5000  0.01043192  0.93668413  0.93674222  1.55965971  0.03048835  0.92185793  0.02005643  -0.01482620  350
3.6000  -0.02910212  0.93611227  0.93656453  1.60187459  -0.00940381  0.92008715  0.01969830  -0.01602512  352
3.7000  -0.06857970  0.93408181  0.93659597  1.64408420  -0.04928877  0.91698058  0.01929093  -0.01710123  348
3.8000  -0.10798585  0.93059276  0.93683714  1.68631951  -0.08892636  0.91256314  0.01905949  -0.01802962  357
3.9000  -0.14730633  0.92564824  0.93729601  1.72861154  -0.12833425  0.90687301  0.01897209  -0.01877523  364
4.0000  -0.18651578  0.91924868  0.93797989  1.77097902  -0.16761048  0.89969724  0.01890530  -0.01955144  363
4.1000  -0.22558032  0.91138844  0.93889050  1.81343274  -0.20674538  0.89099864  0.01883494  -0.02038979  363
4.2000  -0.26446893  0.90204456  0.94001500  1.85599222  -0.24565498  0.88100666  0.01881396  -0.02103790  369
4.3000  -0.30314978  0.89119939  0.94134804  1.89867764  -0.28433116  0.86965437  0.01881862  -0.02154502  363
4.4000  -0.34158157  0.87883654  0.94288474  1.94150160  -0.32273205  0.85694382  0.01884952  -0.02189271  374
4.5000  -0.37972654  0.86494005  0.94462349  1.98448240  -0.36081986  0.84287677  0.01890668  -0.02206328  376
4.6000  -0.41753968  0.84948307  0.94655209  2.02763863  -0.39854764  0.82744537  0.01899204  -0.02203770  378
4.7000  -0.45495804  0.83245108  0.94866307  2.07097018  -0.43585773  0.81065177  0.01910030  -0.02179931  385
4.8000  -0.49190712  0.81383174  0.95094412  2.11446934  -0.47267218  0.79249939  0.01923494  -0.02133235  390
4.9000  -0.52832316  0.79361061  0.95338511  2.15814388  -0.50888490  0.77239671  0.01943826  -0.02121390  397
5.0000  -0.56410036  0.77176972  0.95594860  2.20197267  -0.54448296  0.75055109  0.01961740  -0.02121864  397
5.1000  -0.59915232  0.74829784  0.95861002  2.24595600  -0.57933530  0.72734276  0.01981702  -0.02095508  395
5.2000  -0.63338810  0.72319368  0.96134780  2.29009104  -0.61335652  0.70227742  0.02003158  -0.02091626  399
5.3000  -0.66669929  0.69646738  0.96413420  2.33436051  -0.64644203  0.67567596  0.02025727  -0.02079142  405
5.4000  -0.69897218  0.66812911  0.96693258  2.37875159  -0.67848125  0.64749679  0.02049092  -0.02063233  411
5.5000  -0.73010522  0.63820270  0.96971971  2.42325885  -0.70937765  0.61778733  0.02072757  -0.02041537  407
5.6000  -0.75996217  0.60671998  0.97244621  2.46785526  -0.73900196  0.58656709  0.02096020  -0.02015289  417
5.7000  -0.78842143  0.57372858  0.97507580  2.51252169  -0.76723867  0.55388269  0.02118276  -0.01984589  420
5.8000  -0.81536194  0.53928387  0.97756953  2.55724210  -0.79397164  0.51978652  0.02139029  -0.01949735  418
5.9000  -0.84066347  0.50344830  0.97988533  2.60200430  -0.81908422  0.48433985  0.02157926  -0.01910845  428
6.0000  -0.86421491  0.46629457  0.98198678  2.64680122  -0.84247068  0.44761140  0.02174423  -0.01868316  431
6.1000  -0.88590464  0.42791232  0.98383737  2.69161865  -0.86402639  0.40968537  0.02187825  -0.01822695  433
6.2000  -0.90562622  0.38839260  0.98539721  2.73645175  -0.88364521  0.37064875  0.02198101  -0.01774385  435
6.3000  -0.92327408  0.34785745  0.98663054  2.78127540  -0.90122684  0.33041865  0.02204724  -0.01743880  439
6.4000  -0.93876031  0.30642964  0.98750699  2.82607743  -0.91668401  0.28953705  0.02207631  -0.01689259  441
6.5000  -0.95199652  0.26422162  0.98798302  2.87086217  -0.93014770  0.24783917  0.02184882  -0.01638245  451
6.6000  -0.96290891  0.22137569  0.98802873  2.91561635  -0.94112363  0.20549822  0.02178528  -0.01587747  451
6.7000  -0.97143778  0.17803166  0.98761664  2.96033788  -0.94976173  0.16264600  0.02167605  -0.01538565  457
6.8000  -0.97754474  0.13432977  0.98673107  3.00503245  -0.95567669  0.11941757  0.02186805  -0.01491220  463
6.9000  -0.98119739  0.09043580  0.98535626  3.04968352  -0.95886018  0.07627063  0.02233721  -0.01416517  464
7.0000  -0.98238831  0.04650766  0.98348856  3.09428655  -0.95957740  0.03272561  0.02281091  -0.01378205  463
7.1000  -0.98110091  0.00269206  0.98110460  3.13884874  -0.95798963  -0.01076752  0.02311128  -0.01345958  467
7.2000  -0.97734674  -0.04087055  0.97820093  -3.09979914  -0.95416690  -0.05416120  0.02317984  -0.01329065  467
7.3000  -0.97114149  -0.08404284  0.97477125  -3.05526747  -0.94796165  -0.09712971  0.02317984  -0.01308687  472
7.4000  -0.96253138  -0.12668273  0.97083221  -3.01073067  -0.93935154  -0.13949645  0.02317984  -0.01281372  468
7.5000  -0.95157537  -0.16865020  0.96640498  -2.96618153  -0.92839553  -0.18138801  0.02317984  -0.01273781  475
7.6000  -0.93833296  -0.20980993  0.96150349  -2.92161249  -0.91515312  -0.22254060  0.02317984  -0.01273067  476
7.7000  -0.92286452  -0.25003217  0.95613545  -2.87701372  -0.89955247  -0.26282662  0.02331205  -0.01279445  478
7.8000  -0.90526774  -0.28919737  0.95033931  -2.83237909  -0.88199069  -0.30212770  0.02327705  -0.01293033  477
7.9000  -0.88564571  -0.32720176  0.94415534  -2.78769664  -0.86236865  -0.34034093  0.02327705  -0.01313918  484
8.0000  -0.86411133  -0.36394708  0.93762779  -2.74296136  -0.84083427  -0.37736688  0.02327705  -0.01341979  483
8.1000  -0.84077247  -0.39933979  0.93079031  -2.69817065  -0.81749541  -0.41310976  0.02327705  -0.01376997  483
8.2000  -0.81574679  -0.43330678  0.92368695  -2.65331482  -0.79246973  -0.44774151  0.02327705  -0.01443473  488
8.3000  -0.78916322  -0.46578415  0.91636972  -2.60839139  -0.76588617  -0.48039955  0.02327705  -0.01461539  488
8.4000  -0.76116791  -0.49671462  0.90890153  -2.56341355  -0.73789086  -0.51133001  0.02327705  -0.01461539  490
8.5000  -0.73189499  -0.52606358  0.90133965  -2.51838066  -0.70840259  -0.54058402  0.02349240  -0.01452044  492
8.6000  -0.70147748  -0.55379166  0.89373143  -2.47330882  -0.67798508  -0.56831210  0.02349240  -0.01452044  498
8.7000  -0.67004021  -0.57989299  0.88613191  -2.42819146  -0.64654781  -0.59441343  0.02349240  -0.01452044  490
8.8000  -0.63771038  -0.60436436  0.87859593  -2.38303507  -0.61389545  -0.61888480  0.02381493  -0.01452044  491
8.9000  -0.60460916  -0.62718804  0.87115847  -2.33786651  -0.58079423  -0.64170848  0.02381493  -0.01452044  496
9.0000  -0.57085413  -0.64839108  0.86387813  -2.29268578  -0.54703920  -0.66291152  0.02381493  -0.01452044  501
9.1000  -0.53655449  -0.66799337  0.85679978  -2.24750566  -0.51273956  -0.68251381  0.02381493  -0.01452044  498
9.2000  -0.50180860  -0.68602281  0.84996421  -2.20233570  -0.47799367  -0.70054325  0.02381493  -0.01452044  495
9.3000  -0.46671522  -0.70250588  0.84340832  -2.15719874  -0.44290029  -0.71702632  0.02381493  -0.01452044  494
9.4000  -0.43136221  -0.71748535  0.83717297  -2.11210797  -0.40754728  -0.73200579  0.02381493  -0.01452044  500
9.5000  -0.39582368  -0.73100013  0.83128670  -2.06707657  -0.37200875  -0.74552057  0.02381493  -0.01452044  499
9.6000  -0.36017740  -0.74309351  0.82578189  -2.02212917  -0.33636248  -0.75744189  0.02381493  -0.01434838  497
9.7000  -0.32447787  -0.75380826  0.82067825  -1.97727534  -0.30066295  -0.76815665  0.02381493  -0.01434838  497
9.8000  -0.28878065  -0.76318656  0.81599509  -1.93253400  -0.26496573  -0.77753495  0.02381493  -0.01434838  502
9.9000  -0.25312482  -0.77127030  0.81174507  -1.88791265  -0.22864695  -0.78561869  0.02447786  -0.01434838  501
10.0000  -0.21754710  -0.77806484  0.80790571  -1.84343428  -0.19306924  -0.79241323  0.02447786  -0.01434838  502
