# PauliOperators.jl SparsePauliVector correlation data
# C(t) = <psi | A B(t) | psi>
# Corrected C(t) = raw C(t) - accumulated truncation change
#
# time  Re_C  Im_C  Abs_C  Phase_C  Re_C_raw  Im_C_raw  Re_accumulated_correction  Im_accumulated_correction  n_terms
0.0000  1.00000000  0.00000000  1.00000000  0.00000000  1.00000000  0.00000000  0.00000000  0.00000000  2
0.1000  0.99812502  0.04671358  0.99921755  0.04676720  1.01376770  0.04376492  0.01564269  -0.00294866  1428
0.2000  0.99303614  0.09561799  0.99762897  0.09599260  1.04106109  0.07878444  0.04802495  -0.01683355  2414
0.3000  0.98932969  0.14734376  1.00024168  0.14784619  1.06031806  0.09553167  0.07098837  -0.05181209  3563
0.4000  0.98760810  0.20011380  1.00767817  0.19991804  1.07484695  0.11800325  0.08723885  -0.08211056  5040
0.5000  0.98252736  0.25293208  1.01456131  0.25195934  1.09392263  0.17520200  0.11139527  -0.07773008  6615
0.6000  0.97326725  0.30505777  1.01995558  0.30373809  1.12901977  0.24634549  0.15575252  -0.05871228  8067
0.7000  0.96002756  0.35766596  1.02448907  0.35662804  1.18585528  0.32184948  0.22582772  -0.03581648  10232
0.8000  0.94097969  0.41575718  1.02873554  0.41604268  1.26836545  0.39861129  0.32738576  -0.01714589  12267
0.9000  0.91609763  0.48006035  1.03425954  0.48268432  1.37659996  0.46669492  0.46050233  -0.01336542  14116
1.0000  0.88522061  0.55351363  1.04402724  0.55880298  1.51694086  0.51468943  0.63172025  -0.03882420  15839
1.1000  0.85297307  0.63761392  1.06494815  0.64191164  1.68554845  0.52815961  0.83257538  -0.10945431  17202
1.2000  0.82547447  0.73287560  1.10386355  0.72604686  1.86738517  0.49201019  1.04191070  -0.24086541  18736
1.3000  0.80709991  0.83839794  1.16375314  0.80441627  2.04717263  0.40111818  1.24007272  -0.43727975  20408
1.4000  0.79924168  0.95185780  1.24290809  0.87233295  2.21475310  0.27350105  1.41551142  -0.67835675  22127
1.5000  0.79877438  1.07171804  1.33664508  0.93029626  2.35765367  0.18353311  1.55887929  -0.88818493  24471
1.6000  0.80139567  1.19121061  1.43569417  0.97858896  2.45197512  0.14146635  1.65057945  -1.04974426  26180
1.7000  0.80516924  1.30458654  1.53305040  1.01783764  2.49040415  0.14172283  1.68523491  -1.16286371  28530
1.8000  0.80784273  1.41661468  1.63076884  1.05252942  2.50782866  0.15741431  1.69998593  -1.25920036  31417
1.9000  0.80712794  1.52857998  1.72858678  1.08498115  2.55624861  0.16566360  1.74912068  -1.36291638  33792
2.0000  0.80098855  1.64383539  1.82859986  1.11738601  2.65454610  0.14293419  1.85355754  -1.50090119  36573
2.1000  0.79134743  1.76429006  1.93363651  1.14916061  2.77761061  0.07556378  1.98626318  -1.68872628  39187
2.2000  0.78570204  1.89236316  2.04899146  1.17725878  2.91410347  -0.04490046  2.12840143  -1.93726361  41714
2.3000  0.78987804  2.03002199  2.17827835  1.19972318  3.05092538  -0.23174184  2.26104735  -2.26176383  44837
2.4000  0.80809525  2.18050072  2.32542498  1.21588808  3.16636632  -0.47920226  2.35827107  -2.65970298  47615
2.5000  0.84271878  2.34313479  2.49007140  1.22554671  3.23863877  -0.75365344  2.39592000  -3.09678823  50186
2.6000  0.89347080  2.51475434  2.66875991  1.22941529  3.25128377  -1.04664553  2.35781297  -3.56139987  52316
2.7000  0.96002171  2.69065419  2.85679219  1.22807771  3.17302763  -1.32098766  2.21300593  -4.01164185  54480
2.8000  1.04156470  2.86368287  3.04721785  1.22195578  3.01395348  -1.60543609  1.97238878  -4.46911895  56771
2.9000  1.13746762  3.02241743  3.22937141  1.21084818  2.78205327  -1.88185780  1.64458565  -4.90427523  59834
3.0000  1.24234912  3.16128392  3.39663766  1.19634868  2.47653448  -2.13254017  1.23418536  -5.29382410  62308
3.1000  1.34841434  3.27271515  3.53961660  1.17997357  2.09295279  -2.35339479  0.74453845  -5.62610994  64411
3.2000  1.45996785  3.35857618  3.66217696  1.16073977  1.64143032  -2.51667015  0.18146247  -5.87524633  66691
3.3000  1.58260595  3.42050860  3.76888852  1.13744667  1.16116891  -2.60637373  -0.42143705  -6.02688232  68340
3.4000  1.71490490  3.46043956  3.86206432  1.11069554  0.69284123  -2.60983795  -1.02206367  -6.07027752  70342
3.5000  1.85092768  3.47936567  3.94105553  1.08189889  0.25180146  -2.52408991  -1.59912622  -6.00345558  72284
3.6000  1.97363057  3.47802494  3.99898426  1.05464908  -0.12659624  -2.35961654  -2.10022681  -5.83764147  73985
3.7000  2.07714949  3.46243091  4.03769462  1.03044246  -0.45238753  -2.12294796  -2.52953702  -5.58537887  75627
3.8000  2.15493838  3.44123838  4.06028091  1.01132727  -0.72265265  -1.83664841  -2.87759103  -5.27788679  78045
3.9000  2.20865217  3.40841427  4.06145691  0.99582842  -0.92204280  -1.50487457  -3.13069497  -4.91328884  79225
4.0000  2.23896982  3.36077215  4.03828866  0.98311204  -1.04007582  -1.16974379  -3.27904564  -4.53051594  80444
4.1000  2.25168577  3.30266609  3.99721054  0.97240472  -1.09511433  -0.85946283  -3.34680010  -4.16212892  81341
4.2000  2.25692007  3.23790528  3.94686189  0.96206582  -1.10441530  -0.58153681  -3.36133536  -3.81944209  83007
4.3000  2.25757994  3.17604245  3.89665406  0.95284852  -1.05947775  -0.30759167  -3.31705768  -3.48363413  84243
4.4000  2.25841859  3.11965831  3.85132737  0.94418893  -0.98585735  -0.05680637  -3.24427593  -3.17646468  85825
4.5000  2.25690566  3.06872515  3.80929091  0.93666995  -0.89080424  0.18177915  -3.14770990  -2.88694601  86842
4.6000  2.24245422  3.02496977  3.76550701  0.93287709  -0.78302181  0.41411661  -3.02547603  -2.61085316  87903
4.7000  2.21535418  2.98928034  3.72069767  0.93301591  -0.67093268  0.64619814  -2.88628686  -2.34308221  89036
4.8000  2.17682343  2.95283955  3.66849038  0.93553984  -0.55282626  0.87285662  -2.72964969  -2.07998293  89780
4.9000  2.12847280  2.91376999  3.60838635  0.93990056  -0.42314552  1.07082306  -2.55161832  -1.84294693  90518
5.0000  2.07310888  2.87268424  3.54261135  0.94567914  -0.30157542  1.24672145  -2.37468430  -1.62596278  90415
5.1000  2.01473341  2.83218855  3.47569313  0.95248031  -0.18631521  1.40009248  -2.20104862  -1.43209607  90373
5.2000  1.95426745  2.79527534  3.41067816  0.96065291  -0.06785063  1.54006604  -2.02211808  -1.25520930  90275
5.3000  1.89062555  2.76266495  3.34765330  0.97065216  0.04493388  1.67373900  -1.84569168  -1.08892595  90777
5.4000  1.81859833  2.73576504  3.28507385  0.98412220  0.15162307  1.80379821  -1.66697526  -0.93196683  91063
5.5000  1.73612479  2.71321187  3.22112526  1.00156964  0.25182246  1.93303595  -1.48430233  -0.78017592  90831
5.6000  1.64226788  2.69387066  3.15499333  1.02332507  0.33574912  2.06311846  -1.30651876  -0.63075220  90534
5.7000  1.53805561  2.67701670  3.08739915  1.04930713  0.40215140  2.18521614  -1.13590421  -0.49180056  90161
5.8000  1.42486753  2.66384840  3.02098259  1.07962736  0.44443028  2.30187401  -0.98043725  -0.36197439  89575
5.9000  1.30412653  2.65367863  2.95681523  1.11401932  0.46867304  2.41507962  -0.83545349  -0.23859901  89135
6.0000  1.17803157  2.64928918  2.89939503  1.15239244  0.49397578  2.51816571  -0.68405580  -0.13112347  88527
6.1000  1.04848023  2.65021832  2.85008210  1.19407122  0.51795595  2.60031207  -0.53052428  -0.04990626  87618
6.2000  0.91731966  2.65646934  2.81039227  1.23830099  0.54081960  2.66100695  -0.37650007  0.00453762  86809
6.3000  0.78441535  2.66604844  2.77905051  1.28464703  0.56365138  2.70138551  -0.22076398  0.03533706  86030
6.4000  0.65152352  2.67808610  2.75619812  1.33215275  0.58172241  2.72328376  -0.06980111  0.04519766  85178
6.5000  0.51902619  2.69174481  2.74132784  1.38031263  0.60143511  2.73916542  0.08240892  0.04742061  84329
6.6000  0.38798319  2.70670455  2.73437022  1.42842460  0.60771640  2.74631115  0.21973320  0.03960660  83386
6.7000  0.25797869  2.72328311  2.73547508  1.47634742  0.60849697  2.74732400  0.35051829  0.02404088  82572
6.8000  0.12882003  2.74303287  2.74605607  1.52386818  0.60750727  2.74492155  0.47868724  0.00188867  81366
6.9000  0.00087482  2.76505718  2.76505732  1.57047994  0.60703306  2.74175981  0.60615824  -0.02329736  80527
7.0000  -0.12486791  2.78884435  2.79163837  1.61554051  0.60550778  2.72236310  0.73037569  -0.06648125  79811
7.1000  -0.24876265  2.81351858  2.82449458  1.65898392  0.60791622  2.69375728  0.85667886  -0.11976130  79229
7.2000  -0.37066804  2.83900926  2.86310467  1.70062441  0.60151626  2.65651834  0.97218429  -0.18249092  78585
7.3000  -0.48997497  2.86391390  2.90552548  1.74024159  0.58634320  2.60881344  1.07631817  -0.25510046  77661
7.4000  -0.60691665  2.88834274  2.95141857  1.77790944  0.57252610  2.56544660  1.17944275  -0.32289613  76898
7.5000  -0.72169642  2.91232496  3.00041370  1.81371055  0.55907187  2.52383488  1.28076829  -0.38849007  76309
7.6000  -0.83459301  2.93621991  3.05252893  1.84773302  0.54068769  2.49433372  1.37528070  -0.44188619  75463
7.7000  -0.94612828  2.95840774  3.10601594  1.88032688  0.53129198  2.47085555  1.47742025  -0.48755219  74885
7.8000  -1.05627620  2.98084778  3.16246310  1.91134497  0.52921506  2.45867100  1.58549126  -0.52217678  74259
7.9000  -1.16512937  3.00397636  3.22201807  1.94079563  0.53413080  2.45264677  1.69926017  -0.55132959  73471
8.0000  -1.27353785  3.02866688  3.28553218  1.96884462  0.54257292  2.44849088  1.81611076  -0.58017600  72750
8.1000  -1.38161374  3.05268603  3.35078327  1.99580162  0.54145790  2.44800048  1.92307165  -0.60468554  72179
8.2000  -1.48948660  3.07590416  3.41756590  2.02175947  0.53959645  2.45099927  2.02908305  -0.62490488  71818
8.3000  -1.59792173  3.09653238  3.48451814  2.04719017  0.53657656  2.45747995  2.13449829  -0.63905243  70961
8.4000  -1.70567256  3.11390210  3.55045140  2.07191852  0.53307591  2.46431924  2.23874847  -0.64958286  70805
8.5000  -1.81467080  3.12928946  3.61738616  2.09630429  0.53095129  2.48185682  2.34562209  -0.64743264  70158
8.6000  -1.92372690  3.14216889  3.68428426  2.12015924  0.53503937  2.50979329  2.45876627  -0.63237560  69789
8.7000  -2.03312984  3.15456953  3.75298893  2.14329758  0.54973305  2.54485663  2.58286289  -0.60971291  69132
8.8000  -2.14447109  3.16523692  3.82328144  2.16626647  0.56247092  2.58501358  2.70694201  -0.58022334  68828
8.9000  -2.25745792  3.17664301  3.89707288  2.18862934  0.57294650  2.62375969  2.83040442  -0.55288332  68528
9.0000  -2.37374163  3.18673372  3.97365337  2.21101407  0.57804801  2.66445243  2.95178964  -0.52228129  68298
9.1000  -2.49330428  3.19480348  4.05257147  2.23348676  0.58382268  2.70097235  3.07712696  -0.49383113  67974
9.2000  -2.61541984  3.20072231  4.13340588  2.25589801  0.58446942  2.73582982  3.19988925  -0.46489249  67503
9.3000  -2.73919215  3.20439972  4.21560804  2.27808330  0.58331053  2.77282808  3.32250268  -0.43157164  67340
9.4000  -2.86620073  3.20582103  4.30027849  2.30032071  0.57884418  2.81356258  3.44504491  -0.39225845  66774
9.5000  -2.99580569  3.20667033  4.38834665  2.32221073  0.58091107  2.86529484  3.57671676  -0.34137549  66410
9.6000  -3.12680888  3.20997354  4.48116769  2.34307113  0.59410678  2.91944174  3.72091566  -0.29053180  66420
9.7000  -3.26020467  3.21622310  4.57963159  2.36298541  0.61817490  2.97291871  3.87837957  -0.24330439  66232
9.8000  -3.39696415  3.22586057  4.68460691  2.38202418  0.65183344  3.02506588  4.04879759  -0.20079469  65989
9.9000  -3.53545053  3.23634827  4.79305337  2.40033461  0.68234757  3.06603768  4.21779810  -0.17031059  65942
10.0000  -3.67746684  3.24759750  4.90618506  2.41818936  0.71271451  3.09996351  4.39018134  -0.14763399  65735
