# PauliOperators.jl SparsePauliVector correlation data
# C(t) = <psi | A B(t) | psi>
# Corrected C(t) = raw C(t) - accumulated truncation change
#
# time  Re_C  Im_C  Abs_C  Phase_C  Re_C_raw  Im_C_raw  Re_accumulated_correction  Im_accumulated_correction  n_terms
0.0000  1.00000000  0.00000000  1.00000000  0.00000000  1.00000000  0.00000000  0.00000000  0.00000000  2
0.1000  0.99861544  0.04596624  0.99967279  0.04599751  0.99878761  0.04598071  0.00017217  0.00001446  132
0.2000  0.99446033  0.09189998  0.99869763  0.09215018  0.99684938  0.09192953  0.00238905  0.00002955  238
0.3000  0.98756074  0.13786966  0.99713803  0.13870975  0.99336350  0.13779777  0.00580276  -0.00007189  388
0.4000  0.97791852  0.18376663  0.99503508  0.18574988  0.98715996  0.18347363  0.00924144  -0.00029300  522
0.5000  0.96583409  0.22938319  0.99269942  0.23317744  0.97815496  0.22872543  0.01232087  -0.00065776  666
0.6000  0.95122753  0.27456049  0.99005922  0.28100070  0.96620941  0.27337036  0.01498188  -0.00119012  818
0.7000  0.93433200  0.31915623  0.98733833  0.32916091  0.95178821  0.31722243  0.01745621  -0.00193380  938
0.8000  0.91521988  0.36298244  0.98457284  0.37757780  0.93463398  0.36009059  0.01941410  -0.00289185  1081
0.9000  0.89396768  0.40588252  0.98179368  0.42619500  0.91521020  0.40180357  0.02124252  -0.00407895  1219
1.0000  0.87059920  0.44769234  0.97896446  0.47497043  0.89342384  0.44323189  0.02282464  -0.00446044  1351
1.1000  0.84533466  0.48825411  0.97620836  0.52377612  0.86904563  0.48384703  0.02371097  -0.00440708  1480
1.2000  0.81825224  0.52736373  0.97347276  0.57249921  0.84242683  0.52401319  0.02417460  -0.00335054  1651
1.3000  0.78950098  0.56494492  0.97081129  0.62110080  0.81382003  0.56155973  0.02431905  -0.00338519  1788
1.4000  0.75921284  0.60074423  0.96814140  0.66939659  0.78272932  0.60043981  0.02351648  -0.00030442  1925
1.5000  0.72749588  0.63470287  0.96545222  0.71738321  0.74979753  0.63802274  0.02230165  0.00331987  2081
1.6000  0.69441314  0.66668283  0.96263992  0.76502747  0.71453055  0.67456109  0.02011741  0.00787826  2239
1.7000  0.66008348  0.69644949  0.95955828  0.81219980  0.67766799  0.70770943  0.01758451  0.01125994  2356
1.8000  0.62471675  0.72401487  0.95627849  0.85888891  0.63935668  0.73845521  0.01463994  0.01444034  2490
1.9000  0.58836895  0.74923577  0.95264488  0.90508816  0.60015680  0.76687037  0.01178785  0.01763460  2642
2.0000  0.55125647  0.77205381  0.94865736  0.95072744  0.56150925  0.79220723  0.01025278  0.02015342  2777
2.1000  0.51350659  0.79260480  0.94441060  0.99591840  0.52291136  0.81348431  0.00940477  0.02087951  2974
2.2000  0.47530672  0.81088366  0.93991956  1.04061624  0.48340542  0.83136670  0.00809871  0.02048304  3111
2.3000  0.43680499  0.82691340  0.93519216  1.08481632  0.44327450  0.84760985  0.00646951  0.02069645  3241
2.4000  0.39806889  0.84075406  0.93022913  1.12859993  0.40251007  0.86089444  0.00444119  0.02014038  3444
2.5000  0.35931187  0.85239697  0.92503276  1.17186750  0.36123289  0.87205372  0.00192103  0.01965675  3652
2.6000  0.32070005  0.86191273  0.91964236  1.21458855  0.32155929  0.87912092  0.00085924  0.01720819  3838
2.7000  0.28235986  0.86950156  0.91419913  1.25680177  0.28350992  0.88249312  0.00115006  0.01299155  4082
2.8000  0.24443013  0.87530809  0.90879609  1.29848287  0.24611558  0.88328734  0.00168545  0.00797925  4277
2.9000  0.20703403  0.87946013  0.90350053  1.33959552  0.20999647  0.88192304  0.00296244  0.00246291  4416
3.0000  0.17010615  0.88219353  0.89844394  1.38031231  0.17584424  0.88047433  0.00573809  -0.00171920  4585
3.1000  0.13371743  0.88367156  0.89373138  1.42061540  0.14183003  0.87740701  0.00811260  -0.00626455  4775
3.2000  0.09789913  0.88388162  0.88928676  1.46048549  0.10833846  0.87207765  0.01043932  -0.01180396  4981
3.3000  0.06259746  0.88303042  0.88524639  1.50002536  0.07751101  0.86586796  0.01491355  -0.01716247  5080
3.4000  0.02782143  0.88124443  0.88168349  1.53923619  0.04438963  0.85888239  0.01656819  -0.02236205  5222
3.5000  -0.00635730  0.87848780  0.87851081  1.57803284  0.01245940  0.85350809  0.01881669  -0.02497972  5430
3.6000  -0.04025264  0.87493316  0.87585861  1.61677044  -0.01911049  0.84876758  0.02114215  -0.02616558  5650
3.7000  -0.07385059  0.87050811  0.87363510  1.65542987  -0.05061406  0.84226841  0.02323653  -0.02823970  5772
3.8000  -0.10721241  0.86533798  0.87195431  1.69406472  -0.08068347  0.83522105  0.02652893  -0.03011693  5924
3.9000  -0.14037155  0.85955358  0.87094002  1.73267486  -0.10992249  0.82777021  0.03044905  -0.03178337  6115
4.0000  -0.17340014  0.85310094  0.87054513  1.77132323  -0.13881722  0.82035564  0.03458292  -0.03274530  6319
4.1000  -0.20634225  0.84606536  0.87086377  1.81001102  -0.16747133  0.81185877  0.03887092  -0.03420658  6530
4.2000  -0.23915882  0.83837916  0.87182370  1.84867901  -0.19533944  0.80238264  0.04381938  -0.03599653  6793
4.3000  -0.27198079  0.83011329  0.87353398  1.88741685  -0.22464783  0.79273752  0.04733297  -0.03737577  6988
4.4000  -0.30487288  0.82107458  0.87584870  1.92632766  -0.25495231  0.78225339  0.04992057  -0.03882119  7199
4.5000  -0.33784204  0.81118910  0.87872920  1.96542628  -0.28601164  0.76995647  0.05183040  -0.04123263  7376
4.6000  -0.37077282  0.80029857  0.88201490  2.00464966  -0.31579363  0.75651504  0.05497919  -0.04378353  7522
4.7000  -0.40377295  0.78835975  0.88574471  2.04413120  -0.34583049  0.74119671  0.05794246  -0.04716304  7683
4.8000  -0.43683300  0.77538648  0.88997038  2.08384988  -0.37662811  0.72514128  0.06020490  -0.05024521  7836
4.9000  -0.46992899  0.76117562  0.89455105  2.12389198  -0.40767154  0.70837047  0.06225745  -0.05280515  8043
5.0000  -0.50307882  0.74561861  0.89946396  2.16434903  -0.43773991  0.69089484  0.06533890  -0.05472378  8217
5.1000  -0.53615566  0.72880314  0.90477450  2.20506035  -0.46939182  0.67200456  0.06676384  -0.05679858  8320
5.2000  -0.56906953  0.71062000  0.91039602  2.24602920  -0.50014574  0.65152916  0.06892379  -0.05909084  8533
5.3000  -0.60169293  0.69099644  0.91624803  2.28722057  -0.52856560  0.63111717  0.07312733  -0.05987927  8668
5.4000  -0.63399706  0.66997135  0.92239573  2.32861317  -0.55772447  0.61095036  0.07627259  -0.05902100  8827
5.5000  -0.66588058  0.64748467  0.92878057  2.37020027  -0.58629927  0.58887248  0.07958130  -0.05861219  9027
5.6000  -0.69710598  0.62352480  0.93527532  2.41185364  -0.61402486  0.56507415  0.08308112  -0.05845065  9194
5.7000  -0.72759321  0.59810026  0.94186825  2.45356500  -0.64110276  0.53806558  0.08649045  -0.06003469  9384
5.8000  -0.75709153  0.57123644  0.94841903  2.49520861  -0.66640247  0.50855443  0.09068906  -0.06268201  9551
5.9000  -0.78546141  0.54298229  0.95487140  2.53673570  -0.69152364  0.47790195  0.09393777  -0.06508034  9730
6.0000  -0.81252869  0.51334106  0.96110453  2.57813120  -0.71509945  0.44605812  0.09742924  -0.06728294  9888
6.1000  -0.83814703  0.48237078  0.96704292  2.61936731  -0.73697874  0.41263546  0.10116829  -0.06973532  10094
6.2000  -0.86224217  0.45014992  0.97267492  2.66044611  -0.75787998  0.37743765  0.10436219  -0.07271227  10245
6.3000  -0.88462964  0.41674234  0.97787718  2.70133735  -0.77732792  0.34167622  0.10730172  -0.07506612  10387
6.4000  -0.90525290  0.38215185  0.98261023  2.74213908  -0.79398299  0.30562800  0.11126991  -0.07652385  10526
6.5000  -0.92401168  0.34647594  0.98683492  2.78284897  -0.80908278  0.26902892  0.11492889  -0.07744702  10711
6.6000  -0.94072815  0.30970875  0.99039839  2.82354652  -0.82269537  0.23024302  0.11803278  -0.07946573  10809
6.7000  -0.95531268  0.27196759  0.99327170  2.86424060  -0.83461922  0.19047623  0.12069346  -0.08149135  10985
6.8000  -0.96771807  0.23327022  0.99543622  2.90505336  -0.84469130  0.15209524  0.12302677  -0.08117498  11119
6.9000  -0.97789932  0.19373095  0.99690459  2.94601573  -0.85303781  0.11119189  0.12486151  -0.08253907  11271
7.0000  -0.98578375  0.15348168  0.99766038  2.98713765  -0.86062598  0.07006245  0.12515777  -0.08341924  11413
7.1000  -0.99129689  0.11261458  0.99767307  3.02847433  -0.86669752  0.02939310  0.12459937  -0.08322148  11577
7.2000  -0.99453755  0.07122733  0.99708489  3.07009619  -0.87060715  -0.01085691  0.12393041  -0.08208424  11716
7.3000  -0.99544959  0.02952688  0.99588741  3.11193950  -0.87208146  -0.05101841  0.12336814  -0.08054529  11898
7.4000  -0.99398829  -0.01228502  0.99406421  -3.12923396  -0.87139944  -0.09278523  0.12258885  -0.08050021  12041
7.5000  -0.99013915  -0.05397134  0.99160902  -3.08713770  -0.86860630  -0.13576876  0.12153285  -0.08179742  12233
7.6000  -0.98379723  -0.09538480  0.98841046  -3.04493901  -0.86332045  -0.17769363  0.12047677  -0.08230883  12380
7.7000  -0.97498692  -0.13631168  0.98446958  -3.00268431  -0.85708795  -0.21813331  0.11789896  -0.08182163  12616
7.8000  -0.96382673  -0.17664216  0.97987980  -2.96033251  -0.84766836  -0.25797687  0.11615837  -0.08133471  12800
7.9000  -0.95028504  -0.21604971  0.97453534  -2.91804017  -0.83672819  -0.29732147  0.11355685  -0.08127176  12997
8.0000  -0.93432986  -0.25440324  0.96834565  -2.87575306  -0.82340047  -0.33767776  0.11092938  -0.08327451  13260
8.1000  -0.91584343  -0.29149560  0.96111335  -2.83344977  -0.80837818  -0.37752875  0.10746524  -0.08603315  13429
8.2000  -0.89495329  -0.32715204  0.95287452  -2.79113071  -0.79057404  -0.41582090  0.10437925  -0.08866887  13646
8.3000  -0.87158139  -0.36122409  0.94347070  -2.74869454  -0.77170383  -0.45234820  0.09987756  -0.09112412  13842
8.4000  -0.84581171  -0.39354964  0.93288733  -2.70609471  -0.75110797  -0.48844762  0.09470374  -0.09489799  13982
8.5000  -0.81772339  -0.42408114  0.92114948  -2.66316657  -0.72715787  -0.52372680  0.09056553  -0.09964566  14166
8.6000  -0.78739145  -0.45265793  0.90823152  -2.61984633  -0.70054915  -0.55620436  0.08684229  -0.10354643  14388
8.7000  -0.75490658  -0.47902427  0.89406275  -2.57615698  -0.67236726  -0.58677979  0.08253932  -0.10775552  14539
8.8000  -0.72038398  -0.50332263  0.87879847  -2.53174871  -0.64088020  -0.61515421  0.07950378  -0.11183158  14696
8.9000  -0.68404802  -0.52534982  0.86250457  -2.48666986  -0.60610976  -0.64048861  0.07793826  -0.11513879  14904
9.0000  -0.64605444  -0.54498918  0.84522159  -2.44084608  -0.56919973  -0.66281004  0.07685471  -0.11782086  15166
9.1000  -0.60667451  -0.56232849  0.82720450  -2.39411122  -0.53154874  -0.68270159  0.07512577  -0.12037310  15327
9.2000  -0.56605406  -0.57740735  0.80858917  -2.34626594  -0.49372023  -0.70183920  0.07233383  -0.12443186  15539
9.3000  -0.52441254  -0.59025596  0.78956355  -2.29719309  -0.45450027  -0.71778511  0.06991227  -0.12752915  15681
9.4000  -0.48184534  -0.60080851  0.77015959  -2.24675247  -0.41462578  -0.73197950  0.06721955  -0.13117099  15856
9.5000  -0.43859703  -0.60917264  0.75063884  -2.19481152  -0.37465350  -0.74565093  0.06394353  -0.13647828  16074
9.6000  -0.39488449  -0.61537087  0.73117376  -2.14131576  -0.33334616  -0.75652237  0.06153834  -0.14115150  16272
9.7000  -0.35095451  -0.61946919  0.71197693  -2.08624998  -0.29126153  -0.76509316  0.05969298  -0.14562396  16452
9.8000  -0.30698241  -0.62154302  0.69321997  -2.02955503  -0.25013420  -0.77292004  0.05684822  -0.15137702  16665
9.9000  -0.26317694  -0.62170676  0.67511584  -1.97123772  -0.20773310  -0.77866400  0.05544384  -0.15695723  16856
10.0000  -0.21960544  -0.62007998  0.65781892  -1.91116936  -0.16687251  -0.78316114  0.05273293  -0.16308116  17107
