# PauliOperators.jl SparsePauliVector correlation data
# C(t) = <psi | A B(t) | psi>
# Corrected C(t) = raw C(t) - accumulated truncation change
#
# time  Re_C  Im_C  Abs_C  Phase_C  Re_C_raw  Im_C_raw  Re_accumulated_correction  Im_accumulated_correction  n_terms
0.0000  1.00000000  0.00000000  1.00000000  0.00000000  1.00000000  0.00000000  0.00000000  0.00000000  2
0.1000  0.99812505  0.04671043  0.99921743  0.04676406  1.01376770  0.04376608  0.01564266  -0.00294435  1448
0.2000  0.99303652  0.09561400  0.99762897  0.09598858  1.04106202  0.07879488  0.04802551  -0.01681912  2396
0.3000  0.98932842  0.14735332  1.00024183  0.14785583  1.06031493  0.09555525  0.07098651  -0.05179807  3520
0.4000  0.98760584  0.20014690  1.00768253  0.19995067  1.07484010  0.11804415  0.08723426  -0.08210274  4975
0.5000  0.98254256  0.25297474  1.01458667  0.25199633  1.09397491  0.17524689  0.11143235  -0.07772785  6549
0.6000  0.97332768  0.30508681  1.02002193  0.30374754  1.12909025  0.24634363  0.15576257  -0.05874318  8135
0.7000  0.96014139  0.35758296  1.02456677  0.35651334  1.18591993  0.32182151  0.22577854  -0.03576145  10095
0.8000  0.94111643  0.41563062  1.02880948  0.41587645  1.26844593  0.39862491  0.32732950  -0.01700571  12111
0.9000  0.91623290  0.47989069  1.03430064  0.48247832  1.37609081  0.46680981  0.45985791  -0.01308088  14149
1.0000  0.88537637  0.55329707  1.04404453  0.55854801  1.51600729  0.51488105  0.63063092  -0.03841602  15892
1.1000  0.85310345  0.63734455  1.06489134  0.64163572  1.68449031  0.52890439  0.83138686  -0.10844016  17340
1.2000  0.82559327  0.73252799  1.10372165  0.72573988  1.86625574  0.49266797  1.04066248  -0.23986002  18661
1.3000  0.80716702  0.83797814  1.16349730  0.80412449  2.04641121  0.40208417  1.23924419  -0.43589397  20336
1.4000  0.79913728  0.95144377  1.24252390  0.87218302  2.21464192  0.27555142  1.41550464  -0.67589235  21917
1.5000  0.79857022  1.07107536  1.33600779  0.93013132  2.35742116  0.18586686  1.55885094  -0.88520850  24373
1.6000  0.80125918  1.19069104  1.43518689  0.97846578  2.45249983  0.14401217  1.65124065  -1.04667887  26060
1.7000  0.80496815  1.30429845  1.53269963  1.01785057  2.49022685  0.14384912  1.68525870  -1.16044933  28439
1.8000  0.80755374  1.41631478  1.63036518  1.05259228  2.50903381  0.15976109  1.70148007  -1.25655369  31226
1.9000  0.80682040  1.52840295  1.72828664  1.08509068  2.55823855  0.16837979  1.75141816  -1.36002315  33742
2.0000  0.80035239  1.64371516  1.82821319  1.11767002  2.65631226  0.14657650  1.85595986  -1.49713866  36619
2.1000  0.79011228  1.76406206  1.93292327  1.14969538  2.77829931  0.08110317  1.98818703  -1.68295890  39228
2.2000  0.78406197  1.89210585  2.04812542  1.17795016  2.91596310  -0.03800725  2.13190113  -1.93011310  42124
2.3000  0.78743990  2.03029251  2.17764764  1.20081164  3.05331633  -0.22413234  2.26587643  -2.25442484  45008
2.4000  0.80482700  2.18112460  2.32487656  1.21729950  3.16673494  -0.47027149  2.36190795  -2.65139610  47721
2.5000  0.83934637  2.34404527  2.48978927  1.22694504  3.23618928  -0.74487538  2.39684290  -3.08892065  50155
2.6000  0.88939189  2.51576202  2.66834715  1.23098214  3.24767418  -1.03280160  2.35828229  -3.54856363  52328
2.7000  0.95529806  2.69105102  2.85558224  1.22968240  3.16830203  -1.30845906  2.21300398  -3.99951007  54716
2.8000  1.03649987  2.86398314  3.04577271  1.22355223  3.01394906  -1.58993271  1.97744918  -4.45391585  57061
2.9000  1.13156322  3.02322553  3.22805328  1.21264823  2.78728156  -1.86526492  1.65571834  -4.88849045  60057
3.0000  1.23526964  3.16264291  3.39532050  1.19843567  2.48674019  -2.11477720  1.25147055  -5.27742011  62447
3.1000  1.34026540  3.27494003  3.53857931  1.18234233  2.10628925  -2.33561860  0.76602385  -5.61055864  64736
3.2000  1.45080273  3.36175239  3.66144886  1.16338123  1.65833432  -2.50060365  0.20753159  -5.86235605  66747
3.3000  1.57271266  3.42508906  3.76890703  1.14033935  1.18029675  -2.59444219  -0.39241591  -6.01953125  68683
3.4000  1.70485484  3.46571178  3.86234231  1.11363314  0.71592755  -2.60331380  -0.98892729  -6.06902558  70602
3.5000  1.84067823  3.48525414  3.94145820  1.08489633  0.27155614  -2.52159043  -1.56912209  -6.00684456  72421
3.6000  1.96353176  3.48437532  3.99954102  1.05762876  -0.10738128  -2.36147827  -2.07091304  -5.84585359  73873
3.7000  2.06734838  3.46953468  4.03876221  1.03342832  -0.43330104  -2.13012126  -2.50064942  -5.59965593  75798
3.8000  2.14574683  3.44965321  4.06255298  1.01434415  -0.71125980  -1.84437475  -2.85700663  -5.29402796  78011
3.9000  2.19978812  3.41700584  4.06386474  0.99880859  -0.91607219  -1.50659250  -3.11586031  -4.92359834  79725
4.0000  2.23009144  3.36839186  4.03972419  0.98598686  -1.04570335  -1.15811576  -3.27579479  -4.52650762  81039
4.1000  2.24104346  3.30851888  3.99606969  0.97543022  -1.11074252  -0.83262337  -3.35178599  -4.14114225  81845
4.2000  2.24342572  3.24328455  3.94358385  0.96565303  -1.12226845  -0.53703077  -3.36569417  -3.78031532  83608
4.3000  2.24020098  3.18163169  3.89117985  0.95732102  -1.06980366  -0.25430001  -3.31000464  -3.43593170  84974
4.4000  2.23600273  3.12577623  3.84319987  0.94984697  -0.98684573  0.00535909  -3.22284846  -3.12041715  86273
4.5000  2.22891271  3.07613860  3.79877356  0.94376259  -0.87403501  0.24872857  -3.10294772  -2.82741003  87609
4.6000  2.20916699  3.03445052  3.75343959  0.94150579  -0.74725747  0.48734422  -2.95642446  -2.54710629  88523
4.7000  2.17709838  3.00174696  3.70813190  0.94330652  -0.60757222  0.71618108  -2.78467059  -2.28556588  89766
4.8000  2.13437396  2.97011803  3.65747909  0.94768544  -0.47054821  0.93088546  -2.60492217  -2.03923257  90457
4.9000  2.08259006  2.93697984  3.60042107  0.95399412  -0.32862434  1.11708247  -2.41121440  -1.81989736  90950
5.0000  2.02537266  2.90175275  3.53868668  0.96142567  -0.20334979  1.27492615  -2.22872245  -1.62682660  90700
5.1000  1.96568688  2.86713302  3.47625900  0.96980494  -0.08736043  1.41254766  -2.05304731  -1.45458536  90795
5.2000  1.90456567  2.83600872  3.41618440  0.97940987  0.01841847  1.53370573  -1.88614720  -1.30230299  90654
5.3000  1.84126635  2.80966255  3.35923584  0.99068076  0.11686046  1.65141503  -1.72440589  -1.15824752  91127
5.4000  1.77077125  2.78719326  3.30213220  1.00480731  0.19922567  1.76572585  -1.57154558  -1.02146741  91293
5.5000  1.68968195  2.76795219  3.24292838  1.02273222  0.27775247  1.87968743  -1.41192948  -0.88826476  91427
5.6000  1.59705333  2.75236054  3.18214831  1.04502654  0.33850018  2.00104703  -1.25855315  -0.75131350  91162
5.7000  1.49477838  2.73778025  3.11926323  1.07104329  0.38173850  2.11636769  -1.11303988  -0.62141256  90676
5.8000  1.38363520  2.72587986  3.05693758  1.10109347  0.41234413  2.22772735  -0.97129107  -0.49815251  90332
5.9000  1.26597773  2.71812235  2.99848107  1.13491847  0.43670499  2.33545805  -0.82927273  -0.38266431  89613
6.0000  1.14341718  2.71451819  2.94550706  1.17212927  0.45860306  2.43005346  -0.68481412  -0.28446474  88959
6.1000  1.01713526  2.71720450  2.90133838  1.21261186  0.48355375  2.51579285  -0.53358151  -0.20141165  88410
6.2000  0.88845646  2.72323070  2.86449652  1.25543345  0.50805242  2.58103031  -0.38040404  -0.14220039  87538
6.3000  0.75880432  2.73400792  2.83735498  1.30006760  0.54174552  2.61999139  -0.21705880  -0.11401653  86594
6.4000  0.62923228  2.74669254  2.81784549  1.34559499  0.56813253  2.64474204  -0.06109976  -0.10195050  85626
6.5000  0.49968220  2.76174761  2.80658728  1.39180300  0.59026211  2.65873393  0.09057991  -0.10301368  84959
6.6000  0.37145006  2.77908475  2.80379871  1.43792470  0.60134250  2.66535831  0.22989243  -0.11372644  83675
6.7000  0.24350236  2.79840430  2.80897847  1.48400023  0.60954590  2.67226587  0.36604354  -0.12613843  82430
6.8000  0.11585042  2.81915230  2.82153168  1.52972537  0.61312812  2.67436153  0.49727769  -0.14479077  81410
6.9000  -0.01039151  2.84283432  2.84285331  1.57445164  0.61529531  2.67510618  0.62568682  -0.16772814  80281
7.0000  -0.13497001  2.86835026  2.87152401  1.61781657  0.61594122  2.66727639  0.75091123  -0.20107386  79635
7.1000  -0.25650633  2.89558736  2.90692649  1.65915094  0.61066533  2.64159781  0.86717166  -0.25398955  79121
7.2000  -0.37700946  2.92285867  2.94707294  1.69907459  0.60217011  2.60628934  0.97917957  -0.31656933  78477
7.3000  -0.49512037  2.94992746  2.99118976  1.73708791  0.58548438  2.56551235  1.08060475  -0.38441511  77817
7.4000  -0.61187982  2.97527950  3.03754589  1.77362301  0.55964704  2.52478132  1.17152686  -0.45049818  77082
7.5000  -0.72689803  2.99876376  3.08560607  1.80860863  0.52958900  2.49304736  1.25648703  -0.50571640  76335
7.6000  -0.83997065  3.02028526  3.13491208  1.84205130  0.50359394  2.47207512  1.34356459  -0.54821014  75617
7.7000  -0.95279251  3.04089698  3.18667036  1.87443366  0.48467800  2.45837519  1.43747051  -0.58252178  74854
7.8000  -1.06456475  3.06124131  3.24106410  1.90547056  0.48555181  2.45156742  1.55011656  -0.60967390  74151
7.9000  -1.17602846  3.08226417  3.29899914  1.93529439  0.48875653  2.45381075  1.66478499  -0.62845342  73600
8.0000  -1.28777081  3.10411517  3.36063753  1.96404639  0.49109065  2.46301438  1.77886146  -0.64110078  73187
8.1000  -1.39958691  3.12625622  3.42524765  1.99172580  0.49190411  2.47342055  1.89149102  -0.65283567  72620
8.2000  -1.51073509  3.14644262  3.49033260  2.01843063  0.48889157  2.48493798  1.99962665  -0.66150465  71732
8.3000  -1.62259789  3.16559210  3.55721763  2.04445188  0.49094993  2.49793381  2.11354782  -0.66765829  71168
8.4000  -1.73443459  3.18150833  3.62356987  2.06991686  0.48881792  2.51136812  2.22325252  -0.67014022  70592
8.5000  -1.84593183  3.19445316  3.68944377  2.09477383  0.49628435  2.52976932  2.34221619  -0.66468384  70299
8.6000  -1.95773053  3.20577375  3.75628729  2.11903828  0.50737052  2.55503052  2.46510106  -0.65074323  69896
8.7000  -2.07062209  3.21575750  3.82473165  2.14287045  0.51646117  2.59283020  2.58708326  -0.62292731  69415
8.8000  -2.18429494  3.22564998  3.89563374  2.16603134  0.53848737  2.63711952  2.72278231  -0.58853047  69277
8.9000  -2.30115295  3.23569639  3.97052087  2.18898433  0.55648655  2.68712131  2.85763950  -0.54857508  68794
9.0000  -2.42016477  3.24451628  4.04772571  2.21168412  0.57132611  2.73321509  2.99149087  -0.51130120  68360
9.1000  -2.54172159  3.25143231  4.12700384  2.23429339  0.58027321  2.77941335  3.12199480  -0.47201896  67961
9.2000  -2.66586360  3.25672567  4.20869229  2.25675936  0.58365737  2.81878101  3.24952097  -0.43794466  67474
9.3000  -2.79253588  3.25903857  4.29180487  2.27925883  0.58225756  2.85368947  3.37479344  -0.40534910  67268
9.4000  -2.92204482  3.25967227  4.37764882  2.30163160  0.58194336  2.90087273  3.50398818  -0.35879954  66902
9.5000  -3.05292046  3.26021275  4.46646510  2.32337119  0.58521805  2.95195713  3.63813851  -0.30825562  66564
9.6000  -3.18640201  3.26133350  4.55954537  2.34457365  0.59344615  3.00744297  3.77984816  -0.25389053  66365
9.7000  -3.32292484  3.26520917  4.65869299  2.36495482  0.61306070  3.06304921  3.93598554  -0.20215996  66195
9.8000  -3.46198753  3.26984370  4.76206210  2.38472932  0.64232646  3.11112685  4.10431399  -0.15871685  65964
9.9000  -3.60400630  3.27696335  4.87107280  2.40368736  0.67828224  3.14836738  4.28228855  -0.12859598  65970
10.0000  -3.74920144  3.28536877  4.98499342  2.42203536  0.71027043  3.17998958  4.45947188  -0.10537919  65949
