idx    dt     Re(C(t))    Im(C(t))   |C(t)|^2   |C(t)|
1    0.0000    0.864023   0.000000   0.746535  0.864023
2    0.5000    0.797854   0.326163   0.742954  0.861948
3    1.0000    0.611500   0.599431   0.733250  0.856300
4    1.5000    0.337941   0.777968   0.719438  0.848197
5    2.0000    0.022655   0.838008   0.702771  0.838314
6    2.5000    -0.285614   0.775923   0.683632  0.826821
7    3.0000    -0.542702   0.606769   0.662693  0.814060
8    3.5000    -0.715183   0.360384   0.641364  0.800852
9    4.0000    -0.784450   0.075330   0.621037  0.788059
10    4.5000    -0.747723   -0.208215   0.602443  0.776172
11    5.0000    -0.615974   -0.454443   0.585942  0.765468
12    5.5000    -0.410341   -0.635391   0.572101  0.756374
13    6.0000    -0.158579   -0.732462   0.561648  0.749432
14    6.5000    0.108181   -0.737066   0.554970  0.744963
15    7.0000    0.358630   -0.650641   0.551949  0.742933
16    7.5000    0.564132   -0.483843   0.552349  0.743202
17    8.0000    0.700728   -0.255251   0.556173  0.745770
18    8.5000    0.750592   0.009791   0.563485  0.750656
19    9.0000    0.703809   0.280181   0.573849  0.757528
20    9.5000    0.560970   0.520877   0.586000  0.765507
21    10.0000    0.335818   0.696651   0.598097  0.773367
22    10.5000    0.056215   0.777980   0.608413  0.780008
23    11.0000    -0.238272   0.747791   0.615965  0.784834
24    11.5000    -0.502555   0.606630   0.620561  0.787757
25    12.0000    -0.694479   0.374005   0.622181  0.788785
26    12.5000    -0.782960   0.085347   0.620310  0.787598
27    13.0000    -0.753816   -0.214267   0.614149  0.783677
28    13.5000    -0.612455   -0.478029   0.603614  0.776926
29    14.0000    -0.383002   -0.665646   0.589774  0.767968
30    14.5000    -0.103624   -0.750449   0.573911  0.757569
31    15.0000    0.181125   -0.723559   0.556344  0.745884
32    15.5000    0.428669   -0.594078   0.536685  0.732588
33    16.0000    0.605075   -0.386025   0.515131  0.717726
34    16.5000    0.689268   -0.133537   0.492923  0.702085
35    17.0000    0.675119   0.124921   0.471391  0.686579
36    17.5000    0.571253   0.353055   0.450978  0.671549
37    18.0000    0.398044   0.522598   0.431547  0.656922
38    18.5000    0.182595   0.616505   0.413420  0.642977
39    19.0000    -0.046153   0.628902   0.397648  0.630593
40    19.5000    -0.260671   0.563222   0.385168  0.620619
41    20.0000    -0.436754   0.430343   0.375949  0.613147
42    20.5000    -0.555085   0.247170   0.369212  0.607628
43    21.0000    -0.602596   0.035259   0.364365  0.603626
44    21.5000    -0.573391   -0.180563   0.361380  0.601149
45    22.0000    -0.469621   -0.373649   0.360158  0.600131
46    22.5000    -0.302614   -0.517901   0.359797  0.599831
47    23.0000    -0.093306   -0.591767   0.358895  0.599078
48    23.5000    0.129583   -0.582937   0.356607  0.597166
49    24.0000    0.333911   -0.491568   0.353135  0.594252
50    24.5000    0.489545   -0.330647   0.348982  0.590747
51    25.0000    0.573239   -0.123906   0.343955  0.586477
52    25.5000    0.572433   0.097708   0.337226  0.580712
53    26.0000    0.487760   0.300655   0.328303  0.572978
54    26.5000    0.333460   0.454290   0.317575  0.563538
55    27.0000    0.135064   0.536171   0.305721  0.552921
56    27.5000    -0.075223   0.535916   0.292864  0.541170
57    28.0000    -0.264296   0.456899   0.278609  0.527834
58    28.5000    -0.404070   0.315478   0.262799  0.512639
59    29.0000    -0.476478   0.137569   0.245956  0.495940
60    29.5000    -0.476196   -0.046966   0.228969  0.478507
61    30.0000    -0.410174   -0.210455   0.212534  0.461014
62    30.5000    -0.294446   -0.332097   0.196987  0.443832
63    31.0000    -0.149773   -0.400104   0.182515  0.427218
64    31.5000    0.002390   -0.411539   0.169370  0.411546
65    32.0000    0.142775   -0.370717   0.157816  0.397261
66    32.5000    0.255875   -0.287145   0.147924  0.384609
67    33.0000    0.330584   -0.173722   0.139465  0.373451
68    33.5000    0.360545   -0.045403   0.132054  0.363393
69    34.0000    0.344511   0.082086   0.125426  0.354155
70    34.5000    0.286400   0.193777   0.119574  0.345795
71    35.0000    0.194653   0.276921   0.114575  0.338489
72    35.5000    0.081191   0.321994   0.110272  0.332072
73    36.0000    -0.039501   0.323532   0.106233  0.325935
74    36.5000    -0.151439   0.281295   0.102060  0.319469
75    37.0000    -0.239043   0.201275   0.097653  0.312496
76    37.5000    -0.289770   0.095472   0.093082  0.305093
77    38.0000    -0.296440   -0.019890   0.088272  0.297106
78    38.5000    -0.258623   -0.126888   0.082987  0.288074
79    39.0000    -0.183241   -0.208605   0.077093  0.277657
80    39.5000    -0.084225   -0.252178   0.070688  0.265871
81    40.0000    0.019682   -0.252005   0.063894  0.252772
82    40.5000    0.109341   -0.211564   0.056715  0.238149
83    41.0000    0.170182   -0.142335   0.049221  0.221859
84    41.5000    0.195286   -0.060265   0.041768  0.204373
85    42.0000    0.185725   0.018320   0.034829  0.186626
86    42.5000    0.149053   0.080069   0.028628  0.169198
87    43.0000    0.096830   0.117030   0.023072  0.151895
88    43.5000    0.041508   0.127793   0.018054  0.134365
89    44.0000    -0.006625   0.116731   0.013670  0.116919
90    44.5000    -0.041310   0.091553   0.010088  0.100441
91    45.0000    -0.060450   0.060546   0.007320  0.085557
92    45.5000    -0.065227   0.030727   0.005199  0.072102
93    46.0000    -0.059119   0.006936   0.003543  0.059524
94    46.5000    -0.046872   -0.008612   0.002271  0.047656
95    47.0000    -0.033130   -0.016255   0.001362  0.036903
96    47.5000    -0.021168   -0.017963   0.000771  0.027763
97    48.0000    -0.012493   -0.015994   0.000412  0.020295
98    48.5000    -0.007388   -0.012009   0.000199  0.014099
99    49.0000    -0.005749   -0.007040   0.000083  0.009089
10    49.5000    -0.007619   -0.002049   0.000062  0.007889
10    50.0000    -0.013154   0.001417   0.000175  0.013230
