# PauliOperators.jl SparsePauliVector correlation data
# C(t) = <psi | A B(t) | psi>
# Corrected C(t) = raw C(t) - accumulated truncation change
#
# time  Re_C  Im_C  Abs_C  Phase_C  Re_C_raw  Im_C_raw  Re_accumulated_correction  Im_accumulated_correction  n_terms
0.0000  1.00000000  0.00000000  1.00000000  0.00000000  1.00000000  0.00000000  0.00000000  0.00000000  2
0.1000  0.99854271  0.04791913  0.99969184  0.04795227  0.99880475  0.04791119  0.00026204  -0.00000794  104
0.2000  0.99418743  0.09571920  0.99878467  0.09598298  0.99576107  0.09573386  0.00157364  0.00001467  216
0.3000  0.98697016  0.14333576  0.99732404  0.14421978  0.98993926  0.14342006  0.00296910  0.00008429  296
0.4000  0.97695659  0.19069104  0.99539301  0.19276521  0.98155642  0.19083985  0.00459983  0.00014881  388
0.5000  0.96424356  0.23754707  0.99307313  0.24154597  0.97069639  0.23781259  0.00645283  0.00026552  488
0.6000  0.94899266  0.28380521  0.99052131  0.29059367  0.95769463  0.28423115  0.00870198  0.00042594  575
0.7000  0.93128177  0.32929658  0.98778639  0.33987390  0.94145938  0.32992702  0.01017762  0.00063044  689
0.8000  0.91128515  0.37382113  0.98497861  0.38927967  0.92252903  0.37468366  0.01124387  0.00086254  823
0.9000  0.88918411  0.41715636  0.98217504  0.43866043  0.90134104  0.41793198  0.01215693  0.00077562  915
1.0000  0.86516833  0.45923295  0.97949536  0.48798438  0.87880407  0.45877383  0.01363573  -0.00045913  984
1.1000  0.83945569  0.49991015  0.97703430  0.53711667  0.85456136  0.49858558  0.01510567  -0.00132457  1063
1.2000  0.81217042  0.53904834  0.97477890  0.58595520  0.82840781  0.53748519  0.01623739  -0.00156315  1158
1.3000  0.78344046  0.57651476  0.97270150  0.63440007  0.79936155  0.57579495  0.01592109  -0.00071980  1243
1.4000  0.75338048  0.61212297  0.97070937  0.68231762  0.76861889  0.61181882  0.01523840  -0.00030415  1328
1.5000  0.72213478  0.64573035  0.96873440  0.72959945  0.73643599  0.64633481  0.01430120  0.00060446  1397
1.6000  0.68980443  0.67719268  0.96665406  0.77617255  0.70309608  0.67842269  0.01329165  0.00123001  1478
1.7000  0.65653324  0.70644939  0.96442037  0.82200454  0.66835863  0.70894823  0.01182538  0.00249884  1591
1.8000  0.62233380  0.73341949  0.96187500  0.86715205  0.63250126  0.73719268  0.01016746  0.00377319  1640
1.9000  0.58720261  0.75808930  0.95890891  0.91174722  0.59707284  0.76343305  0.00987023  0.00534375  1730
2.0000  0.55123279  0.78047304  0.95550811  0.95586777  0.56042728  0.78741329  0.00919449  0.00694026  1811
2.1000  0.51445763  0.80068511  0.95171598  0.99969617  0.52321343  0.80917518  0.00875579  0.00849007  1895
2.2000  0.47687315  0.81869246  0.94745203  1.04335774  0.48511358  0.82927445  0.00824043  0.01058199  1948
2.3000  0.43852252  0.83450283  0.94270726  1.08696563  0.44643192  0.84769728  0.00790940  0.01319444  2029
2.4000  0.39940428  0.84825343  0.93758075  1.13073545  0.40723113  0.86317410  0.00782685  0.01492066  2146
2.5000  0.35963571  0.86000572  0.93217364  1.17471790  0.36812665  0.87709026  0.00849094  0.01708453  2237
2.6000  0.31921119  0.86995487  0.92666999  1.21912079  0.32865887  0.88901330  0.00944768  0.01905843  2314
2.7000  0.27818910  0.87822817  0.92123498  1.26403358  0.28884413  0.89898055  0.01065503  0.02075238  2408
2.8000  0.23664010  0.88494205  0.91603546  1.30950245  0.24962004  0.90710463  0.01297994  0.02216258  2502
2.9000  0.19468105  0.89012564  0.91116648  1.35547501  0.20935999  0.91368290  0.01467894  0.02355726  2567
3.0000  0.15243990  0.89378148  0.90668807  1.40186572  0.16868075  0.91845971  0.01624084  0.02467823  2644
3.1000  0.11004058  0.89588063  0.90261345  1.44857899  0.12698486  0.92092937  0.01694427  0.02504874  2684
3.2000  0.06760280  0.89643822  0.89898366  1.49552613  0.08546955  0.92175880  0.01786675  0.02532058  2734
3.3000  0.02520194  0.89545504  0.89580961  1.54265947  0.04409734  0.92087923  0.01889540  0.02542419  2791
3.4000  -0.01710456  0.89294346  0.89310726  1.58994924  0.00294298  0.91806836  0.02004754  0.02512490  2887
3.5000  -0.05925059  0.88886562  0.89083821  1.63735652  -0.03766956  0.91333187  0.02158103  0.02446626  2932
3.6000  -0.10115216  0.88318575  0.88895940  1.68483046  -0.07833278  0.90673888  0.02281938  0.02355314  3002
3.7000  -0.14275891  0.87584870  0.88740693  1.73237041  -0.11875600  0.89869231  0.02400292  0.02284361  3109
3.8000  -0.18409351  0.86678098  0.88611494  1.78007415  -0.15881377  0.88860960  0.02527974  0.02182862  3166
3.9000  -0.22507866  0.85602512  0.88512113  1.82791124  -0.19847191  0.87642759  0.02660676  0.02040246  3179
4.0000  -0.26566704  0.84354403  0.88438991  1.87590395  -0.23762468  0.86306569  0.02804236  0.01952166  3269
4.1000  -0.30591322  0.82927506  0.88390046  1.92420162  -0.27645206  0.84775182  0.02946116  0.01847676  3310
4.2000  -0.34581377  0.81325242  0.88372318  1.97285598  -0.31518573  0.83003274  0.03062804  0.01678032  3392
4.3000  -0.38531755  0.79541813  0.88383234  2.02190355  -0.35375233  0.81031792  0.03156521  0.01489979  3500
4.4000  -0.42440352  0.77584017  0.88433383  2.07135216  -0.39204946  0.78922453  0.03235406  0.01338436  3569
4.5000  -0.46301154  0.75453362  0.88526870  2.12118447  -0.43054689  0.76635297  0.03246465  0.01181935  3643
4.6000  -0.50106263  0.73151675  0.88666821  2.17135956  -0.46846327  0.74236849  0.03259936  0.01085174  3685
4.7000  -0.53854738  0.70684788  0.88863221  2.22187001  -0.50447857  0.71676544  0.03406881  0.00991756  3762
4.8000  -0.57539258  0.68065348  0.89127201  2.27258647  -0.53971581  0.68925176  0.03567677  0.00859828  3800
4.9000  -0.61143949  0.65302266  0.89459311  2.32332029  -0.57414228  0.66043509  0.03729721  0.00741243  3870
5.0000  -0.64653932  0.62396320  0.89852277  2.37396206  -0.60803079  0.63091879  0.03850853  0.00695559  3921
5.1000  -0.68054174  0.59349773  0.90298207  2.42440976  -0.64105122  0.59990779  0.03949052  0.00641006  3971
5.2000  -0.71327867  0.56169835  0.90789399  2.47452771  -0.67439239  0.56799525  0.03888628  0.00629689  4060
5.3000  -0.74459062  0.52853441  0.91310668  2.52429832  -0.70556177  0.53518296  0.03902885  0.00664855  4106
5.4000  -0.77433147  0.49411358  0.91855183  2.57361690  -0.73582948  0.50119413  0.03850199  0.00708055  4156
5.5000  -0.80227488  0.45854101  0.92406972  2.62235425  -0.76399145  0.46624802  0.03828343  0.00770701  4204
5.6000  -0.82824321  0.42189682  0.92950726  2.67046321  -0.79090437  0.43015394  0.03733884  0.00825712  4235
5.7000  -0.85206438  0.38416823  0.93466515  2.71801746  -0.81730633  0.39331282  0.03475805  0.00914459  4308
5.8000  -0.87355004  0.34534265  0.93933552  2.76511652  -0.84125360  0.35580557  0.03229644  0.01046292  4377
5.9000  -0.89252503  0.30554128  0.94337500  2.81176388  -0.86226795  0.31705300  0.03025708  0.01151172  4412
6.0000  -0.90889406  0.26489899  0.94671003  2.85799639  -0.88099540  0.27707486  0.02789866  0.01217588  4468
6.1000  -0.92256643  0.22354398  0.94926326  2.90386780  -0.89682501  0.23645531  0.02574142  0.01291133  4516
6.2000  -0.93344605  0.18159019  0.95094507  2.94945504  -0.90999528  0.19528170  0.02345077  0.01369150  4582
6.3000  -0.94146572  0.13920290  0.95170119  2.99479858  -0.91966416  0.15176533  0.02180156  0.01256243  4631
6.4000  -0.94653467  0.09654973  0.95144613  3.03994086  -0.92591312  0.10759662  0.02062155  0.01104689  4693
6.5000  -0.94865502  0.05377388  0.95017786  3.08496891  -0.92955819  0.06299071  0.01909683  0.00921683  4735
6.6000  -0.94786100  0.01105252  0.94792544  3.12993269  -0.92963802  0.01846433  0.01822298  0.00741181  4813
6.7000  -0.94429455  -0.03138816  0.94481607  -3.10836509  -0.92688952  -0.02562361  0.01740503  0.00576455  4884
6.8000  -0.93807217  -0.07336303  0.94093652  -3.06354535  -0.92157256  -0.06908301  0.01649961  0.00428002  4954
6.9000  -0.92927215  -0.11465743  0.93631888  -3.01882899  -0.91348193  -0.11146241  0.01579022  0.00319502  5001
7.0000  -0.91807534  -0.15507652  0.93108059  -2.97425739  -0.90303832  -0.15295670  0.01503702  0.00211982  5036
7.1000  -0.90454185  -0.19443713  0.92520363  -2.92985809  -0.89041894  -0.19412403  0.01412291  0.00031310  5125
7.2000  -0.88878041  -0.23255712  0.91870204  -2.88567156  -0.87559671  -0.23462911  0.01318370  -0.00207199  5190
7.3000  -0.87089855  -0.26923479  0.91156550  -2.84176631  -0.85850809  -0.27312475  0.01239046  -0.00388996  5270
7.4000  -0.85108097  -0.30433220  0.90385669  -2.79817829  -0.83956926  -0.30994410  0.01151172  -0.00561189  5348
7.5000  -0.82942114  -0.33771081  0.89553783  -2.75492531  -0.81857657  -0.34515283  0.01084457  -0.00744201  5407
7.6000  -0.80599086  -0.36925435  0.88654952  -2.71199251  -0.79523678  -0.37861248  0.01075408  -0.00935812  5469
7.7000  -0.78090235  -0.39889319  0.87688327  -2.66933402  -0.77033386  -0.41091462  0.01056850  -0.01202143  5534
7.8000  -0.75420666  -0.42651923  0.86645620  -2.62691175  -0.74299279  -0.44077903  0.01121387  -0.01425980  5584
7.9000  -0.72598786  -0.45205173  0.85522461  -2.58466974  -0.71399733  -0.46845918  0.01199053  -0.01640745  5648
8.0000  -0.69638559  -0.47556024  0.84327364  -2.54243708  -0.68393605  -0.49391110  0.01244955  -0.01835087  5747
8.1000  -0.66547505  -0.49708097  0.83063020  -2.50004217  -0.65195201  -0.51621417  0.01352304  -0.01913320  5816
8.2000  -0.63338149  -0.51665539  0.81737684  -2.45734580  -0.61832997  -0.53670856  0.01505152  -0.02005318  5870
8.3000  -0.60020613  -0.53429923  0.80356895  -2.41422234  -0.58351574  -0.55464056  0.01669039  -0.02034134  5924
8.4000  -0.56599503  -0.55014937  0.78931281  -2.37039032  -0.54835578  -0.57154585  0.01763925  -0.02139648  5958
8.5000  -0.53081431  -0.56428304  0.77471232  -2.32564167  -0.51191084  -0.58624069  0.01890347  -0.02195765  6009
8.6000  -0.49478931  -0.57677931  0.75992818  -2.27982929  -0.47483208  -0.60009332  0.01995724  -0.02331401  6080
8.7000  -0.45798259  -0.58769975  0.74507654  -2.23277473  -0.43658191  -0.61190171  0.02140067  -0.02420196  6088
8.8000  -0.42049511  -0.59711441  0.73031620  -2.18434352  -0.39776694  -0.62213423  0.02272817  -0.02501982  6131
8.9000  -0.38251816  -0.60512766  0.71589079  -2.13450501  -0.35875918  -0.63028820  0.02375898  -0.02516054  6162
9.0000  -0.34414428  -0.61181184  0.70196083  -2.08318593  -0.31921227  -0.63747802  0.02493200  -0.02566619  6210
9.1000  -0.30547536  -0.61716208  0.68862489  -2.03041008  -0.27921439  -0.64275321  0.02626097  -0.02559112  6271
9.2000  -0.26663148  -0.62124369  0.67604443  -1.97621045  -0.23900019  -0.64673881  0.02763129  -0.02549512  6357
9.3000  -0.22770159  -0.62404713  0.66429122  -1.92066426  -0.19956004  -0.64965016  0.02814155  -0.02560303  6406
9.4000  -0.18883495  -0.62559330  0.65347197  -1.86394894  -0.16069320  -0.65117384  0.02814175  -0.02558054  6473
9.5000  -0.15014716  -0.62590813  0.64366541  -1.80623437  -0.12153082  -0.65147737  0.02861634  -0.02556924  6525
9.6000  -0.11175226  -0.62497894  0.63489152  -1.74773603  -0.08301569  -0.65072447  0.02873657  -0.02574553  6557
9.7000  -0.07367784  -0.62281897  0.62716178  -1.68854645  -0.04419737  -0.64880429  0.02948047  -0.02598532  6624
9.8000  -0.03600820  -0.61942656  0.62047228  -1.62886248  -0.00581863  -0.64606302  0.03018957  -0.02663646  6685
9.9000  0.00120463  -0.61476524  0.61476642  -1.56883684  0.03279581  -0.64157002  0.03159118  -0.02680478  6743
10.0000  0.03789667  -0.60879970  0.60997806  -1.50862836  0.07036796  -0.63656297  0.03247129  -0.02776327  6771
10.1000  0.07408840  -0.60158737  0.60613237  -1.44825851  0.10746728  -0.63019838  0.03337888  -0.02861102  6832
10.2000  0.10971444  -0.59310310  0.60316544  -1.38788027  0.14404893  -0.62334370  0.03433449  -0.03024060  6858
10.3000  0.14473959  -0.58339281  0.60107963  -1.32760697  0.17961525  -0.61538680  0.03487566  -0.03199399  6898
10.4000  0.17910277  -0.57255283  0.59991211  -1.26762505  0.21299644  -0.60605198  0.03389366  -0.03349915  6940
10.5000  0.21278891  -0.56064707  0.59967013  -1.20804990  0.24706560  -0.59571316  0.03427669  -0.03506609  6963
10.6000  0.24567798  -0.54764128  0.60022383  -1.14909798  0.27984846  -0.58426112  0.03417048  -0.03661984  6992
10.7000  0.27768877  -0.53358475  0.60151787  -1.09094561  0.31160778  -0.57155342  0.03391901  -0.03796867  7041
10.8000  0.30874082  -0.51851353  0.60347094  -1.03374062  0.34236170  -0.55750978  0.03362088  -0.03899625  7072
10.9000  0.33869315  -0.50247946  0.60596919  -0.97770387  0.37209752  -0.54301432  0.03340437  -0.04053486  7109
11.0000  0.36747415  -0.48547508  0.60887052  -0.92287017  0.40077908  -0.52762227  0.03330493  -0.04214719  7144
11.1000  0.39500636  -0.46749395  0.61202992  -0.86924467  0.42804151  -0.51071424  0.03303515  -0.04322028  7145
11.2000  0.42122059  -0.44859545  0.61535735  -0.81685980  0.45383799  -0.49233809  0.03261741  -0.04374264  7186
11.3000  0.44595199  -0.42887320  0.61871269  -0.76587812  0.47817087  -0.47441203  0.03221889  -0.04553883  7212
11.4000  0.46917020  -0.40826229  0.62193149  -0.71609327  0.50070628  -0.45593170  0.03153608  -0.04766941  7244
11.5000  0.49073893  -0.38681623  0.62486118  -0.66752415  0.52155260  -0.43586743  0.03081367  -0.04905121  7273
11.6000  0.51060182  -0.36453168  0.62737355  -0.62001096  0.54045432  -0.41494725  0.02985250  -0.05041556  7286
11.7000  0.52869882  -0.34139617  0.62934393  -0.57336692  0.55864337  -0.39317095  0.02994456  -0.05177477  7283
11.8000  0.54492943  -0.31744523  0.63065010  -0.52748512  0.57408507  -0.37023310  0.02915565  -0.05278787  7324
11.9000  0.55917443  -0.29276485  0.63117930  -0.48232237  0.58834022  -0.34651154  0.02916578  -0.05374669  7339
12.0000  0.57143736  -0.26736884  0.63089362  -0.43762984  0.60061508  -0.32212171  0.02917772  -0.05475287  7329
12.1000  0.58170954  -0.24131866  0.62977828  -0.39323700  0.61082963  -0.29768033  0.02912010  -0.05636166  7381
12.2000  0.58998161  -0.21470391  0.62783443  -0.34901821  0.61896055  -0.27309302  0.02897894  -0.05838911  7403
12.3000  0.59623645  -0.18763854  0.62506490  -0.30489235  0.62559437  -0.24785465  0.02935792  -0.06021611  7404
12.4000  0.60050283  -0.16018251  0.62149987  -0.26067767  0.63059644  -0.22143634  0.03009361  -0.06125383  7406
12.5000  0.60272065  -0.13245006  0.61710226  -0.21631532  0.63344856  -0.19380064  0.03072791  -0.06135058  7442
12.6000  0.60292371  -0.10458905  0.61192799  -0.17176055  0.63425947  -0.16662766  0.03133576  -0.06203860  7451
12.7000  0.60109801  -0.07669467  0.60597103  -0.12690528  0.63336241  -0.13827565  0.03226440  -0.06158098  7460
12.8000  0.59729199  -0.04893652  0.59929334  -0.08174806  0.63024982  -0.11030873  0.03295783  -0.06137221  7484
12.9000  0.59164139  -0.02147112  0.59203087  -0.03627484  0.62479548  -0.08237032  0.03315409  -0.06089921  7486
13.0000  0.58420511  0.00552396  0.58423122  0.00945523  0.61788197  -0.05467559  0.03367687  -0.06019954  7473
13.1000  0.57504259  0.03193578  0.57592871  0.05547938  0.60959831  -0.02731250  0.03455572  -0.05924828  7500
13.2000  0.56423541  0.05767210  0.56717516  0.10185909  0.59921270  -0.00076393  0.03497729  -0.05843603  7511
13.3000  0.55187791  0.08257198  0.55802093  0.14851830  0.58737871  0.02525797  0.03550080  -0.05731401  7528
13.4000  0.53796658  0.10655452  0.54841764  0.19553817  0.57397618  0.05035440  0.03600960  -0.05620012  7526
13.5000  0.52260015  0.12958106  0.53842564  0.24305256  0.55829913  0.07488750  0.03569898  -0.05469356  7545
13.6000  0.50581105  0.15151106  0.52801555  0.29103549  0.54203375  0.09688057  0.03622270  -0.05463050  7548
13.7000  0.48770027  0.17235102  0.51725857  0.33969645  0.52398577  0.11763486  0.03628550  -0.05471616  7554
13.8000  0.46830641  0.19203071  0.50614888  0.38914308  0.50487072  0.13674235  0.03656431  -0.05528836  7566
13.9000  0.44769051  0.21049871  0.49470850  0.43951487  0.48454660  0.15495183  0.03685609  -0.05554688  7597
14.0000  0.42593220  0.22768375  0.48296804  0.49090717  0.46319926  0.17244624  0.03726706  -0.05523750  7565
14.1000  0.40302151  0.24357242  0.47090749  0.54362347  0.44066150  0.18877336  0.03763999  -0.05479906  7584
14.2000  0.37907556  0.25813899  0.45862187  0.59783948  0.41727016  0.20399027  0.03819460  -0.05414872  7584
14.3000  0.35411036  0.27135775  0.44612686  0.65385706  0.39198558  0.21771057  0.03787522  -0.05364718  7607
14.4000  0.32824127  0.28321209  0.43353364  0.71188800  0.36587607  0.23037619  0.03763480  -0.05283591  7642
14.5000  0.30159919  0.29372076  0.42099163  0.77216500  0.33873673  0.24133012  0.03713755  -0.05239063  7627
14.6000  0.27429854  0.30285793  0.40861059  0.83484076  0.31137745  0.25137621  0.03707891  -0.05148172  7615
14.7000  0.24639707  0.31068168  0.39652821  0.90028590  0.28316387  0.26079901  0.03676680  -0.04988267  7634
14.8000  0.21805978  0.31717229  0.38490041  0.96850079  0.25402734  0.26795848  0.03596756  -0.04921381  7641
14.9000  0.18944990  0.32237216  0.37391854  1.03948898  0.22503884  0.27471421  0.03558894  -0.04765795  7649
15.0000  0.16070561  0.32634551  0.36376872  1.11321492  0.19550103  0.28030154  0.03479542  -0.04604397  7664
15.1000  0.13197721  0.32910003  0.35457695  1.18940698  0.16608960  0.28446437  0.03411239  -0.04463566  7686
15.2000  0.10346693  0.33069421  0.34650262  1.26756716  0.13717358  0.28757506  0.03370665  -0.04311916  7693
15.3000  0.07533912  0.33123759  0.33969741  1.34715365  0.10918865  0.28984678  0.03384952  -0.04139081  7692
15.4000  0.04771330  0.33082575  0.33424876  1.42755915  0.08153778  0.29130159  0.03382448  -0.03952416  7696
15.5000  0.02073048  0.32948399  0.33013551  1.50796113  0.05462325  0.29126284  0.03389277  -0.03822116  7679
15.6000  -0.00539329  0.32730460  0.32734904  1.58727274  0.02866942  0.29021860  0.03406272  -0.03708600  7687
15.7000  -0.03053629  0.32431717  0.32575158  1.66467518  0.00358396  0.28835167  0.03412024  -0.03596550  7692
15.8000  -0.05460473  0.32064990  0.32526610  1.73947213  -0.01990928  0.28617040  0.03469545  -0.03447950  7666
15.9000  -0.07755451  0.31641233  0.32577824  1.81116344  -0.04309501  0.28355914  0.03445950  -0.03285319  7683
16.0000  -0.09926975  0.31164849  0.32707685  1.87916630  -0.06400606  0.28034894  0.03526369  -0.03129955  7681
16.1000  -0.11968996  0.30650191  0.32904272  1.94308904  -0.08366684  0.27645680  0.03602312  -0.03004511  7675
16.2000  -0.13872629  0.30104095  0.33146740  2.00261328  -0.10245281  0.27194139  0.03627348  -0.02909956  7696
16.3000  -0.15635240  0.29532321  0.33415845  2.05770830  -0.11969199  0.26639904  0.03666040  -0.02892417  7681
16.4000  -0.17250094  0.28935411  0.33687145  2.10838648  -0.13525763  0.26094622  0.03724331  -0.02840789  7706
16.5000  -0.18721357  0.28320224  0.33948849  2.15490708  -0.14919275  0.25522070  0.03802082  -0.02798154  7703
16.6000  -0.20050319  0.27689381  0.34186505  2.19752473  -0.16142741  0.24929110  0.03907578  -0.02760271  7699
16.7000  -0.21237243  0.27047968  0.34389141  2.23642871  -0.17199964  0.24318198  0.04037279  -0.02729770  7712
16.8000  -0.22286137  0.26393063  0.34543678  2.27202665  -0.18213285  0.23662924  0.04072852  -0.02730139  7721
16.9000  -0.23197663  0.25721680  0.34637211  2.30464472  -0.19121072  0.23003164  0.04076591  -0.02718516  7712
17.0000  -0.23976001  0.25028330  0.34659283  2.33472358  -0.19889190  0.22360422  0.04086811  -0.02667908  7751
17.1000  -0.24626534  0.24312385  0.34605755  2.36261361  -0.20536543  0.21669572  0.04089992  -0.02642813  7781
17.2000  -0.25151838  0.23573882  0.34472350  2.38856764  -0.21082112  0.20942824  0.04069727  -0.02631058  7802
17.3000  -0.25553633  0.22806066  0.34250617  2.41294868  -0.21493521  0.20178648  0.04060111  -0.02627418  7803
17.4000  -0.25835649  0.22005543  0.33937070  2.43608286  -0.21760048  0.19335182  0.04075601  -0.02670361  7795
17.5000  -0.25998282  0.21173606  0.33529573  2.45811870  -0.21885787  0.18483264  0.04112496  -0.02690342  7794
17.6000  -0.26050374  0.20308139  0.33030932  2.47943259  -0.21882470  0.17602654  0.04167903  -0.02705485  7745
17.7000  -0.25994214  0.19412253  0.32442792  2.50014827  -0.21787347  0.16698445  0.04206867  -0.02713809  7780
17.8000  -0.25837272  0.18489458  0.31771445  2.52046559  -0.21550914  0.15743463  0.04286358  -0.02745996  7725
17.9000  -0.25578742  0.17547393  0.31019075  2.54031457  -0.21284947  0.14766824  0.04293795  -0.02780570  7763
18.0000  -0.25227337  0.16585062  0.30190774  2.56001600  -0.20899863  0.13757620  0.04327474  -0.02827442  7763
18.1000  -0.24789882  0.15604148  0.29292110  2.57979521  -0.20504127  0.12817302  0.04285755  -0.02786846  7762
18.2000  -0.24268837  0.14605626  0.28324914  2.59983132  -0.20015337  0.11760547  0.04253500  -0.02845080  7741
18.3000  -0.23667621  0.13599753  0.27296695  2.62004829  -0.19405966  0.10677976  0.04261655  -0.02921778  7783
18.4000  -0.22991225  0.12593210  0.26214221  2.64048634  -0.18780214  0.09629092  0.04211010  -0.02964118  7730
18.5000  -0.22241403  0.11589530  0.25079817  2.66122431  -0.18044691  0.08587705  0.04196712  -0.03001825  7758
18.6000  -0.21422018  0.10599808  0.23901020  2.68210644  -0.17239914  0.07554985  0.04182104  -0.03044823  7775
18.7000  -0.20540935  0.09629374  0.22686006  2.70322375  -0.16399762  0.06551338  0.04141173  -0.03078036  7779
18.8000  -0.19601519  0.08679868  0.21437342  2.72472888  -0.15477538  0.05529227  0.04123981  -0.03150642  7802
18.9000  -0.18602294  0.07757491  0.20155000  2.74650221  -0.14543753  0.04577057  0.04058541  -0.03180434  7804
19.0000  -0.17548448  0.06864891  0.18843427  2.76869851  -0.13505559  0.03751583  0.04042889  -0.03113307  7793
19.1000  -0.16453522  0.06005284  0.17515189  2.79163128  -0.12471745  0.02877901  0.03981777  -0.03127383  7798
19.2000  -0.15313065  0.05181940  0.16166090  2.81528911  -0.11425943  0.02023662  0.03887122  -0.03158278  7772
19.3000  -0.14127267  0.04394958  0.14795112  2.83998596  -0.10318829  0.01221126  0.03808438  -0.03173832  7785
19.4000  -0.12897830  0.03647849  0.13403762  2.86596484  -0.09112000  0.00447591  0.03785830  -0.03200257  7794
19.5000  -0.11624607  0.02948737  0.11992770  2.89316906  -0.07852899  -0.00311367  0.03771707  -0.03260104  7788
19.6000  -0.10309235  0.02299458  0.10562567  2.92213661  -0.06604287  -0.00950717  0.03704947  -0.03250174  7788
19.7000  -0.08957509  0.01703840  0.09118116  2.95362462  -0.05265384  -0.01523511  0.03692125  -0.03227351  7800
19.8000  -0.07566602  0.01174139  0.07657158  2.98764662  -0.03919425  -0.02026841  0.03647178  -0.03200980  7810
19.9000  -0.06136065  0.00711402  0.06177166  3.02617021  -0.02462178  -0.02478725  0.03673887  -0.03190126  7790
20.0000  -0.04668215  0.00328490  0.04679758  3.07134104  -0.00978341  -0.02876613  0.03689874  -0.03205104  7805
20.1000  -0.03162376  0.00032142  0.03162540  3.13142926  0.00477411  -0.03234020  0.03639787  -0.03266162  7816
20.2000  -0.01620131  -0.00174916  0.01629546  -3.03404492  0.01968547  -0.03409132  0.03588678  -0.03234216  7787
20.3000  -0.00045792  -0.00285445  0.00289095  -1.72986356  0.03540412  -0.03554469  0.03586204  -0.03269024  7781
20.4000  0.01558371  -0.00293249  0.01585722  -0.18600144  0.05159467  -0.03542972  0.03601096  -0.03249723  7783
20.5000  0.03185609  -0.00191218  0.03191342  -0.05995354  0.06784707  -0.03448385  0.03599098  -0.03257167  7772
20.6000  0.04826869  0.00027842  0.04826950  0.00576817  0.08427382  -0.03216878  0.03600512  -0.03244721  7772
20.7000  0.06475057  0.00370487  0.06485647  0.05715529  0.10075569  -0.02783990  0.03600512  -0.03154477  7754
20.8000  0.08115462  0.00837311  0.08158542  0.10281100  0.11703157  -0.02188137  0.03587695  -0.03025448  7757
20.9000  0.09731074  0.01426560  0.09835084  0.14556152  0.13316126  -0.01538353  0.03585052  -0.02964913  7778
21.0000  0.11308706  0.02133061  0.11508118  0.18643076  0.14858932  -0.00759566  0.03550225  -0.02892627  7771
21.1000  0.12832168  0.02955954  0.13168227  0.22640556  0.16392724  0.00121668  0.03560556  -0.02834286  7783
21.2000  0.14283329  0.03887140  0.14802816  0.26571023  0.17843885  0.01061527  0.03560556  -0.02825613  7771
21.3000  0.15648652  0.04919197  0.16403622  0.30457189  0.19209208  0.02134520  0.03560556  -0.02784677  7780
21.4000  0.16909304  0.06043038  0.17956694  0.34323375  0.20489366  0.03352690  0.03580063  -0.02690348  7792
21.5000  0.18044814  0.07242971  0.19444175  0.38170230  0.21630140  0.04557770  0.03585326  -0.02685201  7783
21.6000  0.19044485  0.08505619  0.20857564  0.42003831  0.22606821  0.05834035  0.03562336  -0.02671585  7780
21.7000  0.19886635  0.09814718  0.22176720  0.45846095  0.23418351  0.07155582  0.03531717  -0.02659136  7794
21.8000  0.20553450  0.11151843  0.23383924  0.49712682  0.24056579  0.08490082  0.03503128  -0.02661761  7802
21.9000  0.21030713  0.12499414  0.24464796  0.53624804  0.24548184  0.09883139  0.03517471  -0.02616275  7826
22.0000  0.21309189  0.13844688  0.25411748  0.57616784  0.24811496  0.11233515  0.03502307  -0.02611173  7817
22.1000  0.21377736  0.15169826  0.26213188  0.61714565  0.24893672  0.12580211  0.03515936  -0.02589615  7800
22.2000  0.21228133  0.16462142  0.26863279  0.65961430  0.24756170  0.13872527  0.03528038  -0.02589615  7818
22.3000  0.20861304  0.17702651  0.27360151  0.70367372  0.24398249  0.15120244  0.03536944  -0.02582407  7808
22.4000  0.20277171  0.18883397  0.27708236  0.74982191  0.23839287  0.16295632  0.03562116  -0.02587765  7793
22.5000  0.19476688  0.19999271  0.27916164  0.79863538  0.23051184  0.17419221  0.03574496  -0.02580050  7813
22.6000  0.18469025  0.21041033  0.27996963  0.85040401  0.22023879  0.18416017  0.03554854  -0.02625016  7819
22.7000  0.17263691  0.22007355  0.27970676  0.90560866  0.20785860  0.19368424  0.03522169  -0.02638931  7808
22.8000  0.15872020  0.22899923  0.27862654  0.96471379  0.19393125  0.20252359  0.03521105  -0.02647564  7792
22.9000  0.14310788  0.23719870  0.27702543  1.02793565  0.17805778  0.21074577  0.03494990  -0.02645293  7777
23.0000  0.12594512  0.24472675  0.27523328  1.09550884  0.16046046  0.21826431  0.03451534  -0.02646244  7776
23.1000  0.10738353  0.25160742  0.27356446  1.16741052  0.14171554  0.22516030  0.03433202  -0.02644711  7774
23.2000  0.08759248  0.25794220  0.27240892  1.24343271  0.12170327  0.23150361  0.03411079  -0.02643859  7794
23.3000  0.06677933  0.26376244  0.27208473  1.32282714  0.10047657  0.23749737  0.03369724  -0.02626506  7776
23.4000  0.04511182  0.26908979  0.27284499  1.40469494  0.07857802  0.24294483  0.03346620  -0.02614495  7783
23.5000  0.02275149  0.27397490  0.27491795  1.48794420  0.05596531  0.24791797  0.03321382  -0.02605694  7775
23.6000  -0.00014962  0.27847214  0.27847218  1.57133363  0.03280876  0.25233083  0.03295838  -0.02614130  7790
23.7000  -0.02345232  0.28256827  0.28353984  1.65360354  0.00924409  0.25642697  0.03269641  -0.02614130  7807
23.8000  -0.04704103  0.28625440  0.29009384  1.73367349  -0.01440779  0.26010964  0.03263324  -0.02614475  7816
23.9000  -0.07072958  0.28951946  0.29803387  1.81040306  -0.03809634  0.26345058  0.03263324  -0.02606888  7822
24.0000  -0.09444811  0.29231777  0.30719721  1.88330951  -0.06194519  0.26617999  0.03250292  -0.02613778  7797
24.1000  -0.11812002  0.29458893  0.31738774  1.95213483  -0.08566629  0.26845619  0.03245374  -0.02613274  7804
24.2000  -0.14168135  0.29624911  0.32838566  2.01689361  -0.10918458  0.27106229  0.03249677  -0.02518682  7814
24.3000  -0.16515668  0.29726780  0.34006598  2.07791515  -0.13238577  0.27211546  0.03277091  -0.02515234  7794
24.4000  -0.18841643  0.29756412  0.35220045  2.13526774  -0.15526366  0.27299727  0.03315277  -0.02456686  7776
24.5000  -0.21142992  0.29702740  0.36459277  2.18941093  -0.17814693  0.27255675  0.03328299  -0.02447065  7803
24.6000  -0.23418017  0.29563165  0.37714510  2.24072309  -0.20075393  0.27116101  0.03342624  -0.02447065  7785
24.7000  -0.25661488  0.29328927  0.38970475  2.28960078  -0.22310374  0.26791441  0.03351115  -0.02537486  7799
24.8000  -0.27867266  0.28998027  0.40217783  2.33631221  -0.24489936  0.26318288  0.03377329  -0.02679738  7801
24.9000  -0.30030208  0.28565722  0.41446518  2.38118225  -0.26652879  0.25742896  0.03377329  -0.02822826  7813
25.0000  -0.32145685  0.28027818  0.42648607  2.42452120  -0.28771029  0.25055043  0.03374657  -0.02972775  7813
25.1000  -0.34213292  0.27384328  0.43822948  2.46660770  -0.30793188  0.24275770  0.03420104  -0.03108558  7812
25.2000  -0.36229274  0.26631894  0.44964631  2.50770033  -0.32836316  0.23397065  0.03392957  -0.03234830  7805
25.3000  -0.38188230  0.25771472  0.46070703  2.54794343  -0.34790079  0.22417840  0.03398151  -0.03353632  7821
25.4000  -0.40083843  0.24811321  0.47141448  2.58733001  -0.36680732  0.21355062  0.03403111  -0.03456258  7848
25.5000  -0.41914831  0.23748883  0.48175331  2.62609519  -0.38511720  0.20206731  0.03403111  -0.03542153  7813
25.6000  -0.43674305  0.22589892  0.49170603  2.66425207  -0.40271194  0.18972097  0.03403111  -0.03617795  7841
25.7000  -0.45362148  0.21335653  0.50129179  2.70195296  -0.41951242  0.17635139  0.03410907  -0.03700514  7839
25.8000  -0.46973035  0.19988954  0.51049234  2.73926382  -0.43563097  0.16223018  0.03409938  -0.03765936  7832
25.9000  -0.48503562  0.18550296  0.51929848  2.77630457  -0.45080012  0.14742948  0.03423550  -0.03807348  7825
26.0000  -0.49955017  0.17017955  0.52774184  2.81325765  -0.46531073  0.13173588  0.03423944  -0.03844367  7815
26.1000  -0.51321918  0.15393113  0.53580661  2.85019775  -0.47896992  0.11459110  0.03424927  -0.03934004  7834
26.2000  -0.52602454  0.13671265  0.54349992  2.88732027  -0.49202315  0.09734583  0.03400139  -0.03936682  7830
26.3000  -0.53798683  0.11851792  0.55088685  2.92475725  -0.50367504  0.07915367  0.03431179  -0.03936425  7824
26.4000  -0.54913060  0.09936488  0.55804820  2.96258022  -0.51463440  0.06009784  0.03449621  -0.03926703  7823
26.5000  -0.55942589  0.07919116  0.56500316  3.00096908  -0.52513556  0.03987775  0.03429033  -0.03931341  7847
26.6000  -0.56883910  0.05800420  0.57178878  3.03997445  -0.53458900  0.01868636  0.03425010  -0.03931784  7845
26.7000  -0.57735681  0.03580475  0.57846596  3.07965702  -0.54334183  -0.00336746  0.03401498  -0.03917222  7860
26.8000  -0.58494862  0.01255702  0.58508339  3.12012907  -0.55098832  -0.02676529  0.03396030  -0.03932231  7859
26.9000  -0.59159593  -0.01170305  0.59171168  -3.12181307  -0.55756434  -0.05053962  0.03403159  -0.03883658  7848
27.0000  -0.59723840  -0.03696383  0.59838118  -3.07978024  -0.56320681  -0.07598694  0.03403159  -0.03902311  7836
27.1000  -0.60175494  -0.06313455  0.60505783  -3.03705772  -0.56801091  -0.10232609  0.03374403  -0.03919154  7869
27.2000  -0.60506382  -0.09016422  0.61174489  -2.99366515  -0.57066846  -0.12928594  0.03439536  -0.03912172  7868
27.3000  -0.60705004  -0.11789234  0.61839175  -2.94977507  -0.57303755  -0.15701396  0.03401249  -0.03912162  7876
27.4000  -0.60764961  -0.14622975  0.62499695  -2.90543491  -0.57412001  -0.18474886  0.03352959  -0.03851911  7826
27.5000  -0.60675325  -0.17501176  0.63148921  -2.86077503  -0.57298387  -0.21380529  0.03376938  -0.03879353  7846
27.6000  -0.60422011  -0.20404595  0.63774343  -2.81591605  -0.57041066  -0.24278246  0.03380945  -0.03873651  7836
27.7000  -0.59993698  -0.23319280  0.64366394  -2.77086936  -0.56606251  -0.27175604  0.03387447  -0.03856323  7837
27.8000  -0.59377311  -0.26229393  0.64912604  -2.72562810  -0.55960864  -0.30081727  0.03416447  -0.03852334  7827
27.9000  -0.58558935  -0.29112808  0.65396517  -2.68022445  -0.55153073  -0.32958938  0.03405863  -0.03846130  7824
28.0000  -0.57525854  -0.31952011  0.65803913  -2.63458445  -0.54093933  -0.35789110  0.03431921  -0.03837099  7829
28.1000  -0.56268897  -0.34732665  0.66125236  -2.58857694  -0.52840353  -0.38557147  0.03428544  -0.03824482  7805
28.2000  -0.54779572  -0.37439898  0.66351696  -2.54205070  -0.51309544  -0.41235851  0.03470028  -0.03795953  7817
28.3000  -0.53058258  -0.40057626  0.66481518  -2.49491552  -0.49583261  -0.43836656  0.03474997  -0.03779030  7833
28.4000  -0.51103458  -0.42576111  0.66515326  -2.44697107  -0.47579944  -0.46379680  0.03523514  -0.03803569  7847
28.5000  -0.48912768  -0.44983869  0.66453046  -2.39801291  -0.45418628  -0.48777242  0.03494141  -0.03793373  7864
28.6000  -0.46492333  -0.47276448  0.66306859  -2.34783247  -0.42968457  -0.51080322  0.03523876  -0.03803874  7852
28.7000  -0.43851300  -0.49447460  0.66090754  -2.29628518  -0.40328870  -0.53242508  0.03522429  -0.03795048  7827
28.8000  -0.40999887  -0.51490638  0.65820032  -2.24325204  -0.37467378  -0.55310803  0.03532509  -0.03820165  7823
28.9000  -0.37947083  -0.53408579  0.65516848  -2.18853815  -0.34400699  -0.57265492  0.03546384  -0.03856913  7845
29.0000  -0.34715132  -0.55200828  0.65209446  -2.13218654  -0.31159003  -0.59088115  0.03556129  -0.03887287  7791
29.1000  -0.31319546  -0.56869562  0.64923501  -2.07419675  -0.27779744  -0.60790539  0.03539802  -0.03920977  7801
29.2000  -0.27779565  -0.58413817  0.64682906  -2.01470553  -0.24240736  -0.62393644  0.03538829  -0.03979826  7790
29.3000  -0.24115804  -0.59833258  0.64510393  -1.95392939  -0.20608803  -0.63871349  0.03507002  -0.04038091  7806
29.4000  -0.20351197  -0.61133107  0.64431576  -1.89215662  -0.16836681  -0.65221202  0.03514517  -0.04088095  7838
29.5000  -0.16504966  -0.62310123  0.64459021  -1.82973383  -0.12990107  -0.66524956  0.03514859  -0.04214833  7814
29.6000  -0.12594984  -0.63366310  0.64605905  -1.76700379  -0.09064436  -0.67657435  0.03530547  -0.04291125  7832
29.7000  -0.08639399  -0.64297199  0.64875026  -1.70436299  -0.05108852  -0.68692044  0.03530547  -0.04394845  7823
29.8000  -0.04654794  -0.65096832  0.65263042  -1.64218051  -0.01124040  -0.69584583  0.03530754  -0.04487751  7843
29.9000  -0.00658662  -0.65756962  0.65760261  -1.58081261  0.02877551  -0.70293820  0.03536213  -0.04536858  7830
30.0000  0.03335480  -0.66271806  0.66355691  -1.52050846  0.06850567  -0.70858828  0.03515087  -0.04587022  7809
30.1000  0.07315540  -0.66631627  0.67032014  -1.46144350  0.10793695  -0.71150055  0.03478155  -0.04518427  7799
30.2000  0.11267108  -0.66828720  0.67771864  -1.40377028  0.14723308  -0.71329983  0.03456200  -0.04501263  7825
30.3000  0.15189272  -0.66853698  0.68557500  -1.34738729  0.18645472  -0.71350521  0.03456200  -0.04496824  7826
30.4000  0.19073188  -0.66694779  0.69368437  -1.29225358  0.22529389  -0.71161946  0.03456200  -0.04467167  7818
30.5000  0.22911623  -0.66345618  0.70190337  -1.23828130  0.26348585  -0.70801314  0.03436962  -0.04455697  7833
30.6000  0.26698115  -0.65800097  0.71010155  -1.18534648  0.30100980  -0.70259013  0.03402865  -0.04458916  7830
30.7000  0.30430103  -0.65049132  0.71814906  -1.13323741  0.33817524  -0.69482929  0.03387421  -0.04433797  7838
30.8000  0.34101741  -0.64089634  0.72597589  -1.08180400  0.37493606  -0.68507378  0.03391865  -0.04417744  7804
30.9000  0.37709052  -0.62921161  0.73355607  -1.03088702  0.41050534  -0.67230283  0.03341482  -0.04309122  7806
31.0000  0.41237041  -0.61543867  0.74081989  -0.98045986  0.44598365  -0.65784316  0.03361324  -0.04240449  7827
31.1000  0.44684140  -0.59958132  0.74777336  -0.93033849  0.48045895  -0.64115107  0.03361756  -0.04156976  7817
31.2000  0.48041775  -0.58168534  0.75442630  -0.88045709  0.51433133  -0.62253230  0.03391358  -0.04084696  7788
31.3000  0.51298814  -0.56176327  0.76074621  -0.83074976  0.54770781  -0.60171963  0.03471967  -0.03995636  7806
31.4000  0.54444729  -0.53985425  0.76672385  -0.78116225  0.57939438  -0.57966355  0.03494710  -0.03980930  7819
31.5000  0.57472971  -0.51604298  0.77240831  -0.73164709  0.60956933  -0.55559632  0.03483962  -0.03955334  7788
31.6000  0.60372361  -0.49052810  0.77788175  -0.68231921  0.63828990  -0.53038243  0.03456629  -0.03985433  7808
31.7000  0.63134075  -0.46335106  0.78312537  -0.63312761  0.66593249  -0.50282089  0.03459175  -0.03946983  7830
31.8000  0.65745045  -0.43462597  0.78812488  -0.58412348  0.69255289  -0.47417439  0.03510244  -0.03954842  7800
31.9000  0.68199209  -0.40444163  0.79289738  -0.53527858  0.71718342  -0.44383894  0.03519132  -0.03939731  7800
32.0000  0.70483331  -0.37287585  0.79738723  -0.48659865  0.73956080  -0.41201236  0.03472749  -0.03913651  7802
32.1000  0.72590030  -0.34006623  0.80160856  -0.43811117  0.75982228  -0.37937166  0.03392197  -0.03930544  7822
32.2000  0.74519571  -0.30609445  0.80561185  -0.38974523  0.77878409  -0.34526606  0.03358839  -0.03917162  7813
32.3000  0.76263221  -0.27098345  0.80934536  -0.34141215  0.79626472  -0.31001692  0.03363252  -0.03903346  7833
32.4000  0.77822732  -0.23482583  0.81288432  -0.29305650  0.81190031  -0.27379280  0.03367300  -0.03896697  7849
32.5000  0.79201417  -0.19763678  0.81630065  -0.24454278  0.82564600  -0.23670124  0.03363183  -0.03906446  7823
32.6000  0.80397583  -0.15949309  0.81964332  -0.19583782  0.83785263  -0.19830254  0.03387680  -0.03880945  7822
32.7000  0.81408941  -0.12042689  0.82294848  -0.14686325  0.84774019  -0.15932691  0.03365078  -0.03890002  7828
32.8000  0.82242035  -0.08053083  0.82635371  -0.09760814  0.85617566  -0.11948600  0.03375530  -0.03895517  7828
32.9000  0.82897916  -0.03981093  0.82993455  -0.04798717  0.86258169  -0.07820590  0.03360252  -0.03839498  7825
33.0000  0.83380377  0.00160442  0.83380532  0.00192421  0.86715898  -0.03682323  0.03335520  -0.03842764  7825
33.1000  0.83694985  0.04361926  0.83808573  0.05206982  0.87043565  0.00524697  0.03348580  -0.03837228  7814
33.2000  0.83837267  0.08614887  0.84278726  0.10239785  0.87145034  0.04769716  0.03307767  -0.03845171  7837
33.3000  0.83812721  0.12905033  0.84800425  0.15277484  0.87071798  0.09094252  0.03259077  -0.03810781  7864
33.4000  0.83616702  0.17218056  0.85371039  0.20307794  0.86876909  0.13422835  0.03260207  -0.03795221  7812
33.5000  0.83249331  0.21547279  0.85992653  0.25327019  0.86534959  0.17748420  0.03285628  -0.03798859  7826
33.6000  0.82709476  0.25874014  0.86662114  0.30318558  0.85987693  0.22063578  0.03278218  -0.03810437  7818
33.7000  0.81991080  0.30181895  0.87369811  0.35271818  0.85346193  0.26373741  0.03355113  -0.03808153  7827
33.8000  0.81090371  0.34458609  0.88108138  0.40182052  0.84442923  0.30668438  0.03352552  -0.03790171  7814
33.9000  0.79997073  0.38678320  0.88856875  0.45035800  0.83331644  0.34880836  0.03334570  -0.03797484  7829
34.0000  0.78703645  0.42821614  0.89598853  0.49829199  0.82004979  0.39054545  0.03301334  -0.03767069  7822
34.1000  0.77206893  0.46876364  0.90323296  0.54566215  0.80478066  0.43130574  0.03271172  -0.03745790  7836
34.2000  0.75503597  0.50825750  0.91016756  0.59248223  0.78774508  0.47072809  0.03270911  -0.03752940  7828
34.3000  0.73589036  0.54659255  0.91667771  0.63885368  0.76837986  0.50900702  0.03248951  -0.03758553  7851
34.4000  0.71458800  0.58369453  0.92267833  0.68491722  0.74728078  0.54604180  0.03269278  -0.03765272  7842
34.5000  0.69116855  0.61948288  0.92815570  0.73075792  0.72371005  0.58181736  0.03254150  -0.03766553  7850
34.6000  0.66558863  0.65390001  0.93305598  0.77653995  0.69801421  0.61642724  0.03242558  -0.03747277  7819
34.7000  0.63788187  0.68688703  0.93739376  0.82237278  0.67012802  0.64882533  0.03224615  -0.03806170  7850
34.8000  0.60811708  0.71843891  0.94125494  0.86837132  0.64054654  0.68012762  0.03242946  -0.03831130  7811
34.9000  0.57637669  0.74855862  0.94474869  0.91462888  0.60854178  0.71042814  0.03216509  -0.03813048  7820
35.0000  0.54270192  0.77721327  0.94793768  0.96123480  0.57495928  0.73891992  0.03225736  -0.03829335  7822
35.1000  0.50719408  0.80440556  0.95095433  1.00823716  0.53923218  0.76641129  0.03203809  -0.03799427  7796
35.2000  0.46997431  0.83013215  0.95393671  1.05564306  0.50204641  0.79228262  0.03207210  -0.03784953  7808
35.3000  0.43115740  0.85442879  0.95705030  1.10346371  0.46295510  0.81660030  0.03179770  -0.03782849  7807
35.4000  0.39090088  0.87723511  0.96038791  1.15160279  0.42270047  0.83930728  0.03179959  -0.03792784  7840
35.5000  0.34930163  0.89854336  0.96404969  1.20003255  0.38077190  0.85973969  0.03147027  -0.03880367  7809
35.6000  0.30660489  0.91830526  0.96813796  1.24855274  0.33820662  0.87910342  0.03160173  -0.03920184  7820
35.7000  0.26291314  0.93644023  0.97264774  1.29708481  0.29491178  0.89665579  0.03199863  -0.03978444  7832
35.8000  0.21840825  0.95289361  0.97760339  1.34548286  0.25117971  0.91318118  0.03277146  -0.03971242  7819
35.9000  0.17314824  0.96755558  0.98292630  1.39371645  0.20622338  0.92786413  0.03307514  -0.03969145  7834
36.0000  0.12729884  0.98029977  0.98853055  1.44166190  0.16078319  0.94086120  0.03348436  -0.03943858  7836
36.1000  0.08091266  0.99101430  0.99431192  1.48933072  0.11471080  0.95172950  0.03379815  -0.03928480  7863
36.2000  0.03410716  0.99951647  1.00009823  1.53668590  0.06825012  0.96032640  0.03414296  -0.03919007  7846
36.3000  -0.01302039  1.00563422  1.00571851  1.58374305  0.02111028  0.96588651  0.03413067  -0.03974771  7823
36.4000  -0.06033271  1.00921398  1.01101577  1.63050714  -0.02572601  0.96941507  0.03460669  -0.03979891  7852
36.5000  -0.10773316  1.01013611  1.01586485  1.67704681  -0.07366864  0.97005268  0.03406452  -0.04008343  7830
36.6000  -0.15511820  1.00825425  1.02011681  1.72344775  -0.12097667  0.96810658  0.03414154  -0.04014768  7841
36.7000  -0.20239459  1.00347409  1.02368151  1.76982009  -0.16865466  0.96260748  0.03373993  -0.04086662  7846
36.8000  -0.24946955  0.99570877  1.02648478  1.81628758  -0.21583521  0.95458982  0.03363434  -0.04111895  7851
36.9000  -0.29623278  0.98496332  1.02854586  1.86294576  -0.26308606  0.94387555  0.03314671  -0.04108777  7867
37.0000  -0.34257722  0.97121589  1.02986380  1.90990136  -0.30902917  0.93012812  0.03354805  -0.04108777  7834
37.1000  -0.38837995  0.95452717  1.03051497  1.95722137  -0.35493324  0.91343940  0.03344671  -0.04108777  7821
37.2000  -0.43347811  0.93495848  1.03055841  2.00492989  -0.39959691  0.89386114  0.03388121  -0.04109734  7866
37.3000  -0.47769157  0.91263077  1.03008940  2.05300596  -0.44366361  0.87164250  0.03402796  -0.04098828  7805
37.4000  -0.52088213  0.88765288  1.02919669  2.10145962  -0.48694558  0.84635841  0.03393655  -0.04129447  7836
37.5000  -0.56284645  0.86016421  1.02794873  2.15022184  -0.52895748  0.81859762  0.03388897  -0.04156658  7834
37.6000  -0.60341429  0.83038232  1.02647143  2.19919857  -0.56970663  0.78901591  0.03370765  -0.04136641  7848
37.7000  -0.64245804  0.79850044  1.02486843  2.24832414  -0.60889845  0.75638593  0.03355959  -0.04211452  7831
37.8000  -0.67981945  0.76468281  1.02317852  2.29751273  -0.64600046  0.72309917  0.03381899  -0.04158364  7834
37.9000  -0.71537895  0.72915352  1.02148514  2.34665912  -0.68146546  0.68767270  0.03391349  -0.04148082  7825
38.0000  -0.74896400  0.69209969  1.01977892  2.39563398  -0.71472950  0.65078615  0.03423450  -0.04131354  7844
38.1000  -0.78048637  0.65367799  1.01806379  2.44438484  -0.74591712  0.61240687  0.03456925  -0.04127111  7838
38.2000  -0.80986459  0.61401600  1.01631506  2.49288246  -0.77531687  0.57262182  0.03454772  -0.04139418  7818
38.3000  -0.83705370  0.57326437  1.01453976  2.54110038  -0.80239763  0.53197667  0.03465607  -0.04128770  7827
38.4000  -0.86198673  0.53156491  1.01271041  2.58900290  -0.82698493  0.49012913  0.03500180  -0.04143578  7813
38.5000  -0.88464234  0.48902045  1.01080813  2.63661079  -0.84962751  0.44794702  0.03501483  -0.04107343  7836
38.6000  -0.90503049  0.44571270  1.00883101  2.68397620  -0.86951125  0.40455887  0.03551924  -0.04115383  7822
38.7000  -0.92317261  0.40179417  1.00681985  2.73108752  -0.88673617  0.35986143  0.03643644  -0.04193274  7826
38.8000  -0.93904223  0.35732342  1.00472899  2.77799220  -0.90224340  0.31545271  0.03679883  -0.04187071  7832
38.9000  -0.95274012  0.31234151  1.00263202  2.82479878  -0.91586893  0.27048546  0.03687120  -0.04185605  7860
39.0000  -0.96431685  0.26693478  1.00058041  2.87154233  -0.92709208  0.22517826  0.03722477  -0.04175651  7868
39.1000  -0.97385134  0.22118095  0.99865281  2.91826145  -0.93656863  0.17993130  0.03728271  -0.04124965  7849
39.2000  -0.98142171  0.17517991  0.99693359  2.96495684  -0.94385279  0.13380545  0.03756892  -0.04137446  7839
39.3000  -0.98702782  0.12897247  0.99541841  3.01166129  -0.94962338  0.08756146  0.03740444  -0.04141100  7819
39.4000  -0.99080792  0.08269593  0.99425296  3.05832252  -0.95362709  0.04192082  0.03718083  -0.04077511  7847
39.5000  -0.99277566  0.03639229  0.99344246  3.10495194  -0.95596611  -0.00447455  0.03680956  -0.04086684  7853
39.6000  -0.99301065  -0.00979286  0.99305894  -3.13173118  -0.95608531  -0.05062646  0.03692534  -0.04083360  7832
39.7000  -0.99145065  -0.05569840  0.99301395  -3.08547295  -0.95464447  -0.09658654  0.03680618  -0.04088814  7814
39.8000  -0.98812614  -0.10124979  0.99329995  -3.03948256  -0.95140232  -0.14218382  0.03672382  -0.04093403  7853
39.9000  -0.98303065  -0.14623999  0.99384877  -2.99391131  -0.94630683  -0.18717402  0.03672382  -0.04093403  7833
40.0000  -0.97616515  -0.19059585  0.99459799  -2.94876893  -0.93947507  -0.23158410  0.03669007  -0.04098825  7842
40.1000  -0.96747322  -0.23419529  0.99541543  -2.90409226  -0.93087906  -0.27545409  0.03659416  -0.04125881  7847
40.2000  -0.95690278  -0.27693576  0.99617084  -2.85988096  -0.92022979  -0.31826135  0.03667299  -0.04132558  7845
40.3000  -0.94443515  -0.31864120  0.99673967  -2.81619724  -0.90727867  -0.36022498  0.03715648  -0.04158378  7853
40.4000  -0.93002604  -0.35919762  0.99698113  -2.77301897  -0.89291932  -0.40111645  0.03710672  -0.04191883  7865
40.5000  -0.91363701  -0.39851219  0.99676704  -2.73028884  -0.87642698  -0.44054659  0.03721002  -0.04203440  7877
40.6000  -0.89528410  -0.43656110  0.99605182  -2.68789560  -0.85815624  -0.47828568  0.03712787  -0.04172458  7862
40.7000  -0.87490469  -0.47328803  0.99471592  -2.64571679  -0.83727200  -0.51521354  0.03763269  -0.04192552  7838
40.8000  -0.85250570  -0.50865339  0.99272063  -2.60363496  -0.81523055  -0.55050659  0.03727515  -0.04185320  7844
40.9000  -0.82813607  -0.54264619  0.99008800  -2.56152712  -0.79033052  -0.58498582  0.03780555  -0.04233963  7848
41.0000  -0.80179369  -0.57518324  0.98676689  -2.51930344  -0.76439220  -0.61780970  0.03740149  -0.04262646  7844
41.1000  -0.77354551  -0.60630471  0.98284183  -2.47680832  -0.73624577  -0.64899333  0.03729974  -0.04268862  7838
41.2000  -0.74344292  -0.63599261  0.97836291  -2.43393193  -0.70571043  -0.67875283  0.03773249  -0.04276022  7842
41.3000  -0.71159058  -0.66417408  0.97339014  -2.39064641  -0.67350329  -0.70699003  0.03808729  -0.04281595  7863
41.4000  -0.67803913  -0.69082969  0.96797868  -2.34685087  -0.63969720  -0.73374569  0.03834193  -0.04291599  7856
41.5000  -0.64285647  -0.71593287  0.96219765  -2.30246573  -0.60448239  -0.75960502  0.03837408  -0.04367214  7831
41.6000  -0.60612190  -0.73942225  0.95610095  -2.25744871  -0.56778514  -0.78331987  0.03833676  -0.04389762  7858
41.7000  -0.56795393  -0.76127205  0.94979303  -2.21177048  -0.52922513  -0.80498977  0.03872880  -0.04371772  7852
41.8000  -0.52844192  -0.78138303  0.94329757  -2.16543202  -0.48958169  -0.82546993  0.03886023  -0.04408689  7834
41.9000  -0.48763880  -0.79962568  0.93658573  -2.11841523  -0.44866390  -0.84361697  0.03897490  -0.04399129  7861
42.0000  -0.44565839  -0.81589202  0.92967263  -2.07073454  -0.40659061  -0.85983149  0.03906778  -0.04393947  7854
42.1000  -0.40260670  -0.83010775  0.92258931  -2.02237642  -0.36360607  -0.87381060  0.03900063  -0.04370286  7879
42.2000  -0.35861811  -0.84215201  0.91532888  -1.97337432  -0.31966103  -0.88589172  0.03895708  -0.04373971  7843
42.3000  -0.31376587  -0.85188730  0.90783313  -1.92369643  -0.27536109  -0.89552635  0.03840478  -0.04363905  7837
42.4000  -0.26821433  -0.85921693  0.90010703  -1.87337266  -0.22988686  -0.90273003  0.03832747  -0.04351310  7846
42.5000  -0.22201871  -0.86401638  0.89208554  -1.82231593  -0.18388027  -0.90746709  0.03813844  -0.04345071  7858
42.6000  -0.17528893  -0.86624845  0.88380574  -1.77045442  -0.13877059  -0.90990166  0.03651834  -0.04365321  7829
42.7000  -0.12813821  -0.86587236  0.87530243  -1.71771740  -0.09283729  -0.90966128  0.03530092  -0.04378892  7837
42.8000  -0.08067360  -0.86282145  0.86658473  -1.66402505  -0.04688322  -0.90680685  0.03379038  -0.04398540  7858
42.9000  -0.03309296  -0.85711264  0.85775126  -1.60938698  -0.00088860  -0.90108292  0.03220437  -0.04397028  7830
43.0000  0.01448951  -0.84872950  0.84885318  -1.55372598  0.04658915  -0.89293993  0.03209964  -0.04421043  7869
43.1000  0.06191000  -0.83765019  0.83993493  -1.49702133  0.09361197  -0.88086015  0.03170197  -0.04320996  7849
43.2000  0.10894280  -0.82395928  0.83113022  -1.43934014  0.14059328  -0.86709016  0.03165048  -0.04313088  7877
43.3000  0.15546304  -0.80776528  0.82258951  -1.38066052  0.18823187  -0.85098792  0.03276883  -0.04322264  7851
43.4000  0.20128485  -0.78919751  0.81446197  -1.32107037  0.23446462  -0.83268006  0.03317977  -0.04348254  7857
43.5000  0.24624098  -0.76840337  0.80689427  -1.26067801  0.27962253  -0.81208675  0.03338155  -0.04368337  7839
43.6000  0.29011611  -0.74553657  0.79999508  -1.19968926  0.32284518  -0.78904849  0.03272908  -0.04351192  7862
43.7000  0.33273074  -0.72082798  0.79391606  -1.13834178  0.36508563  -0.76437963  0.03235490  -0.04355166  7843
43.8000  0.37395933  -0.69449579  0.78877752  -1.07685489  0.40610634  -0.73804388  0.03214701  -0.04354810  7855
43.9000  0.41366391  -0.66669831  0.78460465  -1.01546377  0.44566920  -0.71005310  0.03200530  -0.04335479  7853
44.0000  0.45169879  -0.63758359  0.78137355  -0.95441890  0.48333234  -0.68093895  0.03163356  -0.04335536  7856
44.1000  0.48794443  -0.60735344  0.77908149  -0.89398897  0.51964476  -0.65076760  0.03170033  -0.04341416  7894
44.2000  0.52233754  -0.57613682  0.77766968  -0.83433542  0.55434169  -0.61951198  0.03200415  -0.04337516  7872
44.3000  0.55480964  -0.54407742  0.77706755  -0.77563203  0.58721405  -0.58698790  0.03240441  -0.04291048  7897
44.4000  0.58527983  -0.51127779  0.77714700  -0.71801456  0.61817833  -0.55390943  0.03289850  -0.04263164  7883
44.5000  0.61371419  -0.47785237  0.77780975  -0.66156999  0.64713024  -0.52052812  0.03341604  -0.04267574  7872
44.6000  0.64005965  -0.44384864  0.77889535  -0.60631569  0.67425557  -0.48655680  0.03419592  -0.04270815  7856
44.7000  0.66430436  -0.40936303  0.78030660  -0.55226657  0.69878517  -0.45177805  0.03448080  -0.04241501  7859
44.8000  0.68645226  -0.37444973  0.78193945  -0.49937055  0.72142801  -0.41677957  0.03497575  -0.04232983  7859
44.9000  0.70651145  -0.33911493  0.78368193  -0.44750782  0.74152796  -0.38131557  0.03501651  -0.04220064  7886
45.0000  0.72451886  -0.30345202  0.78550030  -0.39663512  0.75989549  -0.34571170  0.03537663  -0.04225967  7850
45.1000  0.74050312  -0.26743837  0.78731706  -0.34658004  0.77614029  -0.30947620  0.03563717  -0.04203782  7837
45.2000  0.75453116  -0.23113666  0.78913967  -0.29725534  0.78953556  -0.27324937  0.03500440  -0.04211271  7859
45.3000  0.76665936  -0.19461255  0.79097448  -0.24859408  0.80172950  -0.23666305  0.03507013  -0.04205050  7876
45.4000  0.77689028  -0.15784009  0.79276226  -0.20044090  0.81236334  -0.19997669  0.03547306  -0.04213660  7862
45.5000  0.78527036  -0.12089303  0.79452166  -0.15275159  0.82079471  -0.16291589  0.03552434  -0.04202286  7859
45.6000  0.79181754  -0.08384388  0.79624419  -0.10549477  0.82766047  -0.12583144  0.03584294  -0.04198757  7853
45.7000  0.79653054  -0.04675017  0.79790130  -0.05862499  0.83273025  -0.08873773  0.03619971  -0.04198757  7865
45.8000  0.79943802  -0.00970346  0.79949691  -0.01213726  0.83561944  -0.05149780  0.03618141  -0.04179434  7857
45.9000  0.80051743  0.02714533  0.80097755  0.03389675  0.83767862  -0.01472402  0.03716118  -0.04186936  7877
46.0000  0.79971638  0.06373536  0.80225213  0.07952936  0.83636083  0.02184313  0.03664446  -0.04189223  7882
46.1000  0.79709033  0.09984211  0.80331901  0.12460922  0.83346705  0.05824236  0.03637672  -0.04159975  7819
46.2000  0.79259089  0.13537268  0.80406845  0.16916532  0.82889609  0.09354960  0.03630520  -0.04182307  7845
46.3000  0.78626846  0.17015842  0.80447000  0.21312598  0.82249702  0.12854012  0.03622857  -0.04161830  7852
46.4000  0.77807971  0.20407327  0.80439662  0.25650073  0.81401689  0.16217867  0.03593718  -0.04189460  7865
46.5000  0.76799949  0.23700754  0.80373864  0.29933136  0.80324485  0.19521173  0.03524536  -0.04179581  7864
46.6000  0.75609445  0.26877784  0.80244647  0.34155004  0.79116991  0.22726553  0.03507546  -0.04151231  7883
46.7000  0.74231534  0.29936696  0.80040779  0.38333775  0.77722477  0.25808001  0.03490944  -0.04128694  7867
46.8000  0.72672693  0.32870584  0.79760865  0.42477324  0.76230078  0.28712449  0.03557385  -0.04158134  7889
46.9000  0.70934458  0.35677712  0.79401489  0.46601863  0.74463114  0.31526577  0.03528656  -0.04151136  7846
47.0000  0.69021428  0.38349102  0.78959554  0.50714129  0.72488395  0.34216514  0.03466967  -0.04132588  7822
47.1000  0.66937850  0.40879388  0.78433412  0.54825484  0.70433524  0.36747375  0.03495674  -0.04132012  7859
47.2000  0.64689933  0.43271062  0.77827837  0.58954680  0.68217731  0.39204673  0.03527798  -0.04066389  7831
47.3000  0.62287598  0.45522686  0.77149593  0.63112989  0.65868221  0.41463148  0.03580623  -0.04059538  7854
47.4000  0.59736195  0.47628691  0.76399641  0.67310290  0.63352765  0.43595757  0.03616570  -0.04032934  7856
47.5000  0.57043075  0.49589185  0.75584387  0.71560892  0.60666390  0.45600649  0.03623315  -0.03988536  7865
47.6000  0.54213439  0.51401460  0.74707477  0.75877962  0.57875469  0.47443228  0.03662030  -0.03958232  7847
47.7000  0.51260337  0.53062653  0.73778501  0.80267275  0.54890856  0.49139517  0.03630519  -0.03923135  7848
47.8000  0.48189930  0.54572798  0.72804256  0.84743114  0.51855291  0.50692158  0.03665360  -0.03880640  7815
47.9000  0.45006685  0.55932814  0.71791931  0.89322268  0.48716883  0.52070179  0.03710198  -0.03862635  7868
48.0000  0.41727327  0.57141629  0.70755463  0.94005947  0.45426711  0.53364702  0.03699384  -0.03776926  7838
48.1000  0.38357050  0.58196910  0.69700384  0.98805688  0.42062146  0.54470702  0.03705096  -0.03726208  7853
48.2000  0.34903405  0.59095632  0.68633384  1.03729814  0.38610812  0.55416020  0.03707408  -0.03679613  7826
48.3000  0.31378514  0.59837314  0.67565637  1.08782208  0.35086481  0.56227004  0.03707967  -0.03610310  7835
48.4000  0.27795626  0.60420179  0.66507104  1.13962557  0.31508052  0.56824757  0.03712426  -0.03595422  7848
48.5000  0.24165022  0.60839767  0.65463162  1.19271364  0.27886490  0.57227202  0.03721468  -0.03612566  7854
48.6000  0.20500466  0.61096072  0.64443767  1.24705683  0.24202425  0.57518166  0.03701959  -0.03577907  7833
48.7000  0.16807129  0.61187269  0.63453617  1.30272446  0.20515605  0.57572488  0.03708476  -0.03614781  7808
48.8000  0.13103256  0.61114865  0.62503776  1.35959015  0.16817299  0.57494243  0.03714043  -0.03620622  7846
48.9000  0.09393979  0.60882801  0.61603265  1.41770749  0.13105817  0.57269190  0.03711839  -0.03613611  7817
49.0000  0.05695869  0.60494413  0.60761969  1.47691780  0.09443984  0.56881874  0.03748114  -0.03612539  7854
49.1000  0.02021383  0.59955813  0.59989878  1.53709455  0.05768544  0.56336048  0.03747161  -0.03619765  7865
49.2000  -0.01614569  0.59270597  0.59292584  1.59803023  0.02130632  0.55635878  0.03745201  -0.03634719  7870
49.3000  -0.05197795  0.58452579  0.58683227  1.65948633  -0.01453558  0.54824967  0.03744238  -0.03627612  7884
49.4000  -0.08715616  0.57510317  0.58166988  1.72120059  -0.04985807  0.53874647  0.03729809  -0.03635670  7864
49.5000  -0.12158111  0.56456114  0.57750433  1.78291186  -0.08443048  0.52844846  0.03715064  -0.03611268  7873
49.6000  -0.15513512  0.55295740  0.57430722  1.84431987  -0.11819543  0.51690967  0.03693969  -0.03604772  7846
49.7000  -0.18768482  0.54041964  0.57208302  1.90505896  -0.15087099  0.50430924  0.03681383  -0.03611041  7880
49.8000  -0.21911487  0.52704256  0.57077595  1.96480115  -0.18243847  0.49103700  0.03667639  -0.03600556  7854
49.9000  -0.24937070  0.51291024  0.57031803  2.02333324  -0.21266394  0.47669741  0.03670675  -0.03621282  7849
50.0000  -0.27835752  0.49813243  0.57063020  2.08037237  -0.24088950  0.46196248  0.03746802  -0.03616994  7860
