# PauliOperators.jl SparsePauliVector correlation data
# C(t) = <psi | A B(t) | psi>
# Corrected C(t) = raw C(t) - accumulated truncation change
#
# time  Re_C  Im_C  Abs_C  Phase_C  Re_C_raw  Im_C_raw  Re_accumulated_correction  Im_accumulated_correction  n_terms
0.0000  1.00000000  0.00000000  1.00000000  0.00000000  1.00000000  0.00000000  0.00000000  0.00000000  2
0.1000  0.99893872  0.04605230  0.99999969  0.04606861  0.99904747  0.04605035  0.00010875  -0.00000196  10
0.2000  0.99575692  0.09200244  0.99999814  0.09213290  0.99590630  0.09199626  0.00014938  -0.00000618  16
0.3000  0.99046161  0.13774098  0.99999339  0.13818121  0.99044225  0.13772215  -0.00001936  -0.00001883  16
0.4000  0.98306901  0.18315757  0.99998568  0.18420007  0.98281616  0.18311335  -0.00025284  -0.00004422  16
0.5000  0.97359478  0.22814286  0.99996797  0.23017731  0.97304622  0.22805663  -0.00054855  -0.00008623  16
0.6000  0.96206198  0.27259182  0.99993478  0.27610432  0.96115871  0.27244317  -0.00090327  -0.00014865  20
0.7000  0.94849867  0.31640117  0.99987971  0.32197347  0.94740555  0.31616596  -0.00109312  -0.00023521  22
0.8000  0.93293250  0.35948022  0.99979452  0.36778999  0.93183938  0.35911818  -0.00109312  -0.00036204  22
0.9000  0.91540441  0.40174017  0.99968015  0.41355668  0.91431129  0.40119388  -0.00109312  -0.00054629  22
1.0000  0.89595342  0.44308641  0.99952893  0.45927151  0.89486030  0.44229270  -0.00109312  -0.00079370  26
1.1000  0.87461731  0.48342673  0.99932820  0.50493633  0.87352419  0.48231726  -0.00109312  -0.00110947  26
1.2000  0.85144500  0.52267134  0.99907153  0.55055121  0.85035188  0.52143177  -0.00109312  -0.00123957  28
1.3000  0.82648014  0.56073299  0.99874467  0.59612224  0.82538702  0.55949342  -0.00109312  -0.00123957  28
1.4000  0.79976924  0.59752722  0.99833342  0.64165827  0.79867612  0.59628765  -0.00109312  -0.00123957  28
1.5000  0.77136993  0.63297252  0.99783054  0.68716574  0.77027681  0.63173295  -0.00109312  -0.00123957  28
1.6000  0.74134346  0.66699075  0.99722956  0.73265235  0.74025034  0.66575118  -0.00109312  -0.00123957  28
1.7000  0.70975454  0.69950734  0.99652497  0.77812697  0.70866142  0.69826777  -0.00109312  -0.00123957  32
1.8000  0.67667184  0.73045141  0.99571283  0.82359909  0.67557872  0.72921184  -0.00109312  -0.00123957  32
1.9000  0.64216732  0.75975601  0.99479046  0.86907898  0.64107420  0.75851644  -0.00109312  -0.00123957  32
2.0000  0.60631612  0.78735825  0.99375663  0.91457753  0.60522300  0.78611868  -0.00109312  -0.00123957  32
2.1000  0.56919635  0.81319942  0.99261160  0.96010605  0.56810323  0.81195985  -0.00109312  -0.00123957  32
2.2000  0.53088898  0.83722517  0.99135719  1.00567611  0.52979586  0.83598560  -0.00109312  -0.00123957  32
2.3000  0.49147762  0.85938558  0.98999688  1.05129928  0.49038450  0.85814601  -0.00109312  -0.00123957  32
2.4000  0.45104837  0.87963531  0.98853574  1.09698699  0.44995525  0.87839574  -0.00109312  -0.00123957  32
2.5000  0.40968964  0.89793367  0.98698049  1.14275024  0.40859652  0.89669410  -0.00109312  -0.00123957  32
2.6000  0.36749193  0.91424471  0.98533939  1.18859943  0.36639881  0.91300514  -0.00109312  -0.00123957  32
2.7000  0.32454766  0.92853729  0.98362222  1.23454410  0.32345454  0.92729772  -0.00109312  -0.00123957  32
2.8000  0.28095094  0.94078512  0.98184015  1.28059271  0.27985782  0.93954555  -0.00109312  -0.00123957  32
2.9000  0.23679740  0.95096684  0.98000558  1.32675247  0.23570428  0.94972727  -0.00109312  -0.00123957  32
3.0000  0.19218397  0.95906600  0.97813203  1.37302906  0.19109085  0.95782643  -0.00109312  -0.00123957  32
3.1000  0.14720863  0.96507283  0.97623560  1.41942683  0.14609465  0.96383326  -0.00111398  -0.00123957  30
3.2000  0.10197022  0.96897641  0.97432706  1.46594726  0.10085624  0.96773684  -0.00111398  -0.00123957  32
3.3000  0.05656832  0.97077784  0.97242459  1.51259102  0.05545434  0.96953827  -0.00111398  -0.00123957  32
3.4000  0.01110285  0.97048046  0.97054397  1.55935626  0.00998887  0.96924089  -0.00111398  -0.00123957  32
3.5000  -0.03432606  0.96809249  0.96870086  1.60623890  -0.03544004  0.96685292  -0.00111398  -0.00123957  32
3.6000  -0.07961834  0.96362702  0.96691060  1.65323268  -0.08073232  0.96238745  -0.00111398  -0.00123957  32
3.7000  -0.12467416  0.95710189  0.96518790  1.70032912  -0.12578813  0.95586232  -0.00111398  -0.00123957  32
3.8000  -0.16939417  0.94853967  0.96354652  1.74751753  -0.17050815  0.94730010  -0.00111398  -0.00123957  32
3.9000  -0.21367978  0.93796756  0.96199906  1.79478516  -0.21479375  0.93672799  -0.00111398  -0.00123957  32
4.0000  -0.25743328  0.92541726  0.96055661  1.84211726  -0.25854726  0.92417769  -0.00111398  -0.00123957  32
4.1000  -0.30055818  0.91092494  0.95922858  1.88949731  -0.30167215  0.90968537  -0.00111398  -0.00123957  32
4.2000  -0.34295935  0.89453105  0.95802240  1.93690722  -0.34407333  0.89329148  -0.00111398  -0.00123957  32
4.3000  -0.38454331  0.87628023  0.95694336  1.98432758  -0.38565729  0.87504066  -0.00111398  -0.00123957  32
4.4000  -0.42521838  0.85622117  0.95599444  2.03173799  -0.42633236  0.85498160  -0.00111398  -0.00123957  32
4.5000  -0.46489496  0.83440648  0.95517616  2.07911734  -0.46600894  0.83316691  -0.00111398  -0.00123957  32
4.6000  -0.50348571  0.81089249  0.95448650  2.12644418  -0.50459969  0.80965292  -0.00111398  -0.00123957  32
4.7000  -0.54090576  0.78573914  0.95392087  2.17369709  -0.54201973  0.78449957  -0.00111398  -0.00123957  32
4.8000  -0.57707291  0.75900978  0.95347207  2.22085505  -0.57818689  0.75777021  -0.00111398  -0.00123957  32
4.9000  -0.61190786  0.73077101  0.95313037  2.26789781  -0.61302184  0.72953144  -0.00111398  -0.00123957  32
5.0000  -0.64533437  0.70109248  0.95288358  2.31480622  -0.64644834  0.69985291  -0.00111398  -0.00123957  32
5.1000  -0.67727944  0.67004673  0.95271720  2.36156264  -0.67839342  0.66880716  -0.00111398  -0.00123957  32
5.2000  -0.70767354  0.63770896  0.95261459  2.40815117  -0.70878751  0.63646939  -0.00111398  -0.00123957  32
5.3000  -0.73645070  0.60415686  0.95255716  2.45455803  -0.73756468  0.60291729  -0.00111398  -0.00123957  32
5.4000  -0.76354876  0.56947038  0.95252466  2.50077174  -0.76466273  0.56823082  -0.00111398  -0.00123957  32
5.5000  -0.78890607  0.53373164  0.95249265  2.54678133  -0.79002005  0.53249207  -0.00111398  -0.00123957  28
5.6000  -0.81247294  0.49702457  0.95244197  2.59258336  -0.81358691  0.49578500  -0.00111398  -0.00123957  32
5.7000  -0.83419831  0.45943469  0.95234818  2.63817383  -0.83531229  0.45819512  -0.00111398  -0.00123957  32
5.8000  -0.85403656  0.42104897  0.95218732  2.68355228  -0.85515054  0.41980940  -0.00111398  -0.00123957  32
5.9000  -0.87194651  0.38195561  0.95193530  2.72872120  -0.87306049  0.38071604  -0.00111398  -0.00123957  32
6.0000  -0.88789153  0.34224382  0.95156829  2.77368605  -0.88900551  0.34100425  -0.00111398  -0.00123957  32
6.1000  -0.90183966  0.30200359  0.95106306  2.81845520  -0.90295363  0.30076402  -0.00111398  -0.00123957  32
6.2000  -0.91376364  0.26132550  0.95039729  2.86303989  -0.91487762  0.26008593  -0.00111398  -0.00123957  32
6.3000  -0.92364105  0.22030048  0.94954994  2.90745407  -0.92475502  0.21906091  -0.00111398  -0.00123957  32
6.4000  -0.93145430  0.17901962  0.94850153  2.95171432  -0.93256828  0.17778005  -0.00111398  -0.00123957  32
6.5000  -0.93719076  0.13757394  0.94723445  2.99583967  -0.93830474  0.13633437  -0.00111398  -0.00123957  32
6.6000  -0.94084270  0.09605420  0.94573326  3.03985137  -0.94195668  0.09481463  -0.00111398  -0.00123957  32
6.7000  -0.94240739  0.05455068  0.94398489  3.08377278  -0.94352137  0.05331111  -0.00111398  -0.00123957  32
6.8000  -0.94188706  0.01315300  0.94197890  3.12762904  -0.94300104  0.01191343  -0.00111398  -0.00123957  32
6.9000  -0.93928894  -0.02805010  0.93970768  -3.11173841  -0.94040292  -0.02928966  -0.00111398  -0.00123957  32
7.0000  -0.93462521  -0.06897094  0.93716662  -3.06793089  -0.93573918  -0.07021051  -0.00111398  -0.00123957  32
7.1000  -0.92791296  -0.10952309  0.93435420  -3.02410459  -0.92902694  -0.11076266  -0.00111398  -0.00123957  32
7.2000  -0.91917421  -0.14962156  0.93127216  -2.98022968  -0.92028819  -0.15086113  -0.00111398  -0.00123957  32
7.3000  -0.90843579  -0.18918296  0.92792553  -2.93627586  -0.90954977  -0.19042253  -0.00111398  -0.00123957  32
7.4000  -0.89572931  -0.22812569  0.92432263  -2.89221274  -0.89684328  -0.22936526  -0.00111398  -0.00123957  32
7.5000  -0.88109105  -0.26637010  0.92047513  -2.84801018  -0.88220502  -0.26760966  -0.00111398  -0.00123957  32
7.6000  -0.86456189  -0.30383862  0.91639794  -2.80363866  -0.86567587  -0.30507819  -0.00111398  -0.00123957  32
7.7000  -0.84618722  -0.34045599  0.91210915  -2.75906962  -0.84730120  -0.34169556  -0.00111398  -0.00123957  32
7.8000  -0.82601677  -0.37614930  0.90762988  -2.71427596  -0.82713075  -0.37738887  -0.00111398  -0.00123957  32
7.9000  -0.80410453  -0.41084822  0.90298413  -2.66923233  -0.80521850  -0.41208779  -0.00111398  -0.00123957  32
8.0000  -0.78050857  -0.44448506  0.89819853  -2.62391568  -0.78162255  -0.44572463  -0.00111398  -0.00123957  32
8.1000  -0.75529093  -0.47699497  0.89330207  -2.57830562  -0.75640490  -0.47823454  -0.00111398  -0.00123957  32
8.2000  -0.72851741  -0.50831597  0.88832581  -2.53238486  -0.72963139  -0.50955554  -0.00111398  -0.00123957  32
8.3000  -0.70025744  -0.53838913  0.88330252  -2.48613971  -0.70137142  -0.53962870  -0.00111398  -0.00123957  32
8.4000  -0.67058387  -0.56715862  0.87826626  -2.43956041  -0.67169784  -0.56839819  -0.00111398  -0.00123957  32
8.5000  -0.63957276  -0.59457183  0.87325196  -2.39264160  -0.64068674  -0.59581140  -0.00111398  -0.00123957  32
8.6000  -0.60730324  -0.62057945  0.86829493  -2.34538263  -0.60841722  -0.62181902  -0.00111398  -0.00123957  32
8.7000  -0.57385722  -0.64513556  0.86343036  -2.29778785  -0.57497119  -0.64637513  -0.00111398  -0.00123957  32
8.8000  -0.53931922  -0.66819764  0.85869280  -2.24986689  -0.54043320  -0.66943721  -0.00111398  -0.00123957  32
8.9000  -0.50377616  -0.68972672  0.85411555  -2.20163475  -0.50489014  -0.69096629  -0.00111398  -0.00123957  32
9.0000  -0.46731706  -0.70968735  0.84973017  -2.15311190  -0.46843104  -0.71092692  -0.00111398  -0.00123957  32
9.1000  -0.43003287  -0.72804769  0.84556591  -2.10432418  -0.43114685  -0.72928726  -0.00111398  -0.00123957  32
9.2000  -0.39201619  -0.74477954  0.84164913  -2.05530261  -0.39313017  -0.74601910  -0.00111398  -0.00123957  32
9.3000  -0.35336104  -0.75985835  0.83800283  -2.00608311  -0.35447502  -0.76109792  -0.00111398  -0.00123957  32
9.4000  -0.31416258  -0.77326329  0.83464618  -1.95670605  -0.31527656  -0.77450286  -0.00111398  -0.00123957  32
9.5000  -0.27451690  -0.78497717  0.83159407  -1.90721564  -0.27563087  -0.78621674  -0.00111398  -0.00123957  32
9.6000  -0.23452070  -0.79498656  0.82885680  -1.85765929  -0.23563468  -0.79622613  -0.00111398  -0.00123957  32
9.7000  -0.19427111  -0.80328169  0.82643979  -1.80808679  -0.19538508  -0.80452126  -0.00111398  -0.00123957  32
9.8000  -0.15386535  -0.80985650  0.82434343  -1.75854947  -0.15497933  -0.81109607  -0.00111398  -0.00123957  32
9.9000  -0.11340054  -0.81470859  0.82256293  -1.70909925  -0.11451451  -0.81594816  -0.00111398  -0.00123957  32
10.0000  -0.07297338  -0.81783924  0.82108838  -1.65978770  -0.07408735  -0.81907881  -0.00111398  -0.00123957  32
10.1000  -0.03267994  -0.81925331  0.81990485  -1.61066510  -0.03379392  -0.82049288  -0.00111398  -0.00123957  32
10.2000  0.00738461  -0.81895926  0.81899256  -1.56177951  0.00627063  -0.82019883  -0.00111398  -0.00123957  32
10.3000  0.04712626  -0.81696910  0.81832720  -1.51317592  0.04601228  -0.81820867  -0.00111398  -0.00123957  32
10.4000  0.08645241  -0.81329831  0.81788029  -1.46489548  0.08533844  -0.81453788  -0.00111398  -0.00123957  32
10.5000  0.12527210  -0.80796580  0.81761962  -1.41697483  0.12415812  -0.80920537  -0.00111398  -0.00123957  32
10.6000  0.16349624  -0.80099386  0.81750975  -1.36944554  0.16238226  -0.80223343  -0.00111398  -0.00123957  32
10.7000  0.20103787  -0.79240806  0.81751254  -1.32233368  0.19992389  -0.79364763  -0.00111398  -0.00123957  32
10.8000  0.23781237  -0.78223719  0.81758776  -1.27565951  0.23669839  -0.78347676  -0.00111398  -0.00123957  32
10.9000  0.27373766  -0.77051322  0.81769366  -1.22943733  0.27262368  -0.77175278  -0.00111398  -0.00123957  32
11.0000  0.30873444  -0.75727112  0.81778757  -1.18367535  0.30762046  -0.75851069  -0.00111398  -0.00123957  32
11.1000  0.34272637  -0.74254887  0.81782651  -1.13837578  0.34161239  -0.74378844  -0.00111398  -0.00123957  32
11.2000  0.37564027  -0.72638731  0.81776777  -1.09353490  0.37452630  -0.72762688  -0.00111398  -0.00123957  32
11.3000  0.40740629  -0.70883003  0.81756950  -1.04914334  0.40629232  -0.71006959  -0.00111398  -0.00123957  32
11.4000  0.43795809  -0.68992330  0.81719119  -1.00518623  0.43684412  -0.69116287  -0.00111398  -0.00123957  32
11.5000  0.46723300  -0.66971594  0.81659422  -0.96164359  0.46611902  -0.67095551  -0.00111398  -0.00123957  32
11.6000  0.49517215  -0.64825922  0.81574228  -0.91849062  0.49405817  -0.64949878  -0.00111398  -0.00123957  32
11.7000  0.52172063  -0.62560671  0.81460184  -0.87569808  0.52060665  -0.62684628  -0.00111398  -0.00123957  32
11.8000  0.54682759  -0.60181420  0.81314251  -0.83323263  0.54571361  -0.60305377  -0.00111398  -0.00123957  32
11.9000  0.57044638  -0.57693956  0.81133737  -0.79105721  0.56933241  -0.57817913  -0.00111398  -0.00123957  32
12.0000  0.59253462  -0.55104258  0.80916327  -0.74913140  0.59142065  -0.55228215  -0.00111398  -0.00123957  32
12.1000  0.61305429  -0.52418490  0.80660112  -0.70741179  0.61194032  -0.52542447  -0.00111398  -0.00123957  32
12.2000  0.63197182  -0.49642981  0.80363607  -0.66585233  0.63085784  -0.49766937  -0.00111398  -0.00123957  32
12.3000  0.64925810  -0.46784216  0.80025768  -0.62440468  0.64814412  -0.46908172  -0.00111398  -0.00123957  32
12.4000  0.66488858  -0.43848820  0.79646012  -0.58301854  0.66377461  -0.43972777  -0.00111398  -0.00123957  32
12.5000  0.67884328  -0.40843545  0.79224221  -0.54164200  0.67772931  -0.40967502  -0.00111398  -0.00123957  32
12.6000  0.69110679  -0.37775253  0.78760750  -0.50022192  0.68999281  -0.37899210  -0.00111398  -0.00123957  32
12.7000  0.70166827  -0.34650905  0.78256430  -0.45870426  0.70055429  -0.34774862  -0.00111398  -0.00123957  32
12.8000  0.71052147  -0.31477543  0.77712568  -0.41703447  0.70940749  -0.31601500  -0.00111398  -0.00123957  32
12.9000  0.71766467  -0.28262278  0.77130941  -0.37515791  0.71655069  -0.28386235  -0.00111398  -0.00123957  32
13.0000  0.72310067  -0.25012271  0.76513786  -0.33302030  0.72198669  -0.25136228  -0.00111398  -0.00123957  32
13.1000  0.72683887  -0.21734720  0.75863993  -0.29056737  0.72572489  -0.21868153  -0.00111398  -0.00133434  32
13.2000  0.72889093  -0.18436831  0.75184684  -0.24774721  0.72777696  -0.18570265  -0.00111398  -0.00133434  32
13.3000  0.72927060  -0.15125832  0.74479170  -0.20451070  0.72815662  -0.15259266  -0.00111398  -0.00133434  32
13.4000  0.72799801  -0.11808942  0.73751353  -0.16081051  0.72688403  -0.11942376  -0.00111398  -0.00133434  32
13.5000  0.72509744  -0.08493359  0.73005480  -0.11660270  0.72398346  -0.08626793  -0.00111398  -0.00133434  32
13.6000  0.72059714  -0.05186242  0.72246104  -0.07184756  0.71948317  -0.05319675  -0.00111398  -0.00133434  32
13.7000  0.71452928  -0.01894703  0.71478044  -0.02651058  0.71354147  -0.02028136  -0.00098781  -0.00133434  30
13.8000  0.70692960  0.01374822  0.70706328  0.01944534  0.70594179  0.01241388  -0.00098781  -0.00133434  32
13.9000  0.69783746  0.04614788  0.69936167  0.06603369  0.69684965  0.04481354  -0.00098781  -0.00133434  32
14.0000  0.68729577  0.07818341  0.69172836  0.11326822  0.68630796  0.07684907  -0.00098781  -0.00133434  32
14.1000  0.67535074  0.10978741  0.68421626  0.16115381  0.67436293  0.10845307  -0.00098781  -0.00133434  32
14.2000  0.66205166  0.14089359  0.67687769  0.20968541  0.66106385  0.13955925  -0.00098781  -0.00133434  32
14.3000  0.64745077  0.17143710  0.66976352  0.25884749  0.64646296  0.17010276  -0.00098781  -0.00133434  32
14.4000  0.63160303  0.20135479  0.66292242  0.30861366  0.63061522  0.20002045  -0.00098781  -0.00133434  32
14.5000  0.61456596  0.23058520  0.65639992  0.35894608  0.61357815  0.22925086  -0.00098781  -0.00133434  32
14.6000  0.59639941  0.25906872  0.65023754  0.40979538  0.59541160  0.25773438  -0.00098781  -0.00133434  32
14.7000  0.57716536  0.28674768  0.64447194  0.46110090  0.57617755  0.28541334  -0.00098781  -0.00133434  32
14.8000  0.55692776  0.31356650  0.63913416  0.51279125  0.55593995  0.31223216  -0.00098781  -0.00133434  32
14.9000  0.53575222  0.33947182  0.63424882  0.56478529  0.53476441  0.33813749  -0.00098781  -0.00133434  32
15.0000  0.51370590  0.36441261  0.62983355  0.61699346  0.51271809  0.36307828  -0.00098781  -0.00133434  32
15.1000  0.49085724  0.38834046  0.62589866  0.66931969  0.48985846  0.38700612  -0.00099877  -0.00133434  32
15.2000  0.46727572  0.41120843  0.62244596  0.72166185  0.46627695  0.40987410  -0.00099877  -0.00133434  32
15.3000  0.44303173  0.43297384  0.61947031  0.77391713  0.44203295  0.43163950  -0.00099877  -0.00133434  32
15.4000  0.41819625  0.45359604  0.61695824  0.82598163  0.41719747  0.45226170  -0.00099877  -0.00133434  32
15.5000  0.39284068  0.47303723  0.61488862  0.87775345  0.39175577  0.47170289  -0.00108491  -0.00133434  32
15.6000  0.36703672  0.49125884  0.61323014  0.92913128  0.36597997  0.48992450  -0.00105676  -0.00133434  32
15.7000  0.34085602  0.50823367  0.61195121  0.98002874  0.33969006  0.50689933  -0.00116595  -0.00133434  32
15.8000  0.31437005  0.52392702  0.61100577  1.03035741  0.31313700  0.52259268  -0.00123305  -0.00133434  32
15.9000  0.28764995  0.53831513  0.61034881  1.08004600  0.28641689  0.53698079  -0.00123305  -0.00133434  32
16.0000  0.26076613  0.55138153  0.60993488  1.12903641  0.25936384  0.55004719  -0.00140229  -0.00133434  32
16.1000  0.23378809  0.56309359  0.60969768  1.17726824  0.23238580  0.56175925  -0.00140229  -0.00133434  32
16.2000  0.20678464  0.57344609  0.60959028  1.22470972  0.20538235  0.57211175  -0.00140229  -0.00133434  32
16.3000  0.17982303  0.58242654  0.60955475  1.27133329  0.17842075  0.58109220  -0.00140229  -0.00133434  32
16.4000  0.15296905  0.59002676  0.60953351  1.31712359  0.15156676  0.58869242  -0.00140229  -0.00133434  28
16.5000  0.12628710  0.59624044  0.60946788  1.36207536  0.12488482  0.59490610  -0.00140229  -0.00133434  32
16.6000  0.09983982  0.60106480  0.60930032  1.40619427  0.09843753  0.59973046  -0.00140229  -0.00133434  32
16.7000  0.07368794  0.60450085  0.60897553  1.44949596  0.07228565  0.60316652  -0.00140229  -0.00133434  32
16.8000  0.04789022  0.60655303  0.60844068  1.49200507  0.04648793  0.60521870  -0.00140229  -0.00133434  32
16.9000  0.02250325  0.60722914  0.60764597  1.53375437  0.02110096  0.60589480  -0.00140229  -0.00133434  32
17.0000  -0.00241865  0.60654032  0.60654514  1.57478392  -0.00382093  0.60520598  -0.00140229  -0.00133434  32
17.1000  -0.02682354  0.60450107  0.60509590  1.61514027  -0.02822583  0.60316673  -0.00140229  -0.00133434  32
17.2000  -0.05066202  0.60112915  0.60326023  1.65487573  -0.05206430  0.59979482  -0.00140229  -0.00133434  32
17.3000  -0.07388725  0.59644557  0.60100470  1.69404770  -0.07528954  0.59511124  -0.00140229  -0.00133434  32
17.4000  -0.09645512  0.59047451  0.59830071  1.73271807  -0.09785740  0.58914018  -0.00140229  -0.00133434  32
17.5000  -0.11832424  0.58324327  0.59512464  1.77095273  -0.11972652  0.58190893  -0.00140229  -0.00133434  32
17.6000  -0.13945609  0.57478216  0.59145798  1.80882115  -0.14085837  0.57344783  -0.00140229  -0.00133434  32
17.7000  -0.15981503  0.56512449  0.58728744  1.84639600  -0.16121731  0.56379016  -0.00140229  -0.00133434  32
17.8000  -0.17936834  0.55430640  0.58260501  1.88375295  -0.18077063  0.55297207  -0.00140229  -0.00133434  32
17.9000  -0.19808631  0.54236680  0.57740795  1.92097036  -0.19948860  0.54103247  -0.00140229  -0.00133434  32
18.0000  -0.21594219  0.52934726  0.57169883  1.95812917  -0.21734448  0.52801292  -0.00140229  -0.00133434  32
18.1000  -0.23291226  0.51529187  0.56548548  1.99531274  -0.23431454  0.51395753  -0.00140229  -0.00133434  32
18.2000  -0.24897580  0.50024716  0.55878097  2.03260672  -0.25037809  0.49891282  -0.00140229  -0.00133434  32
18.3000  -0.26411513  0.48426193  0.55160350  2.07009891  -0.26551742  0.48292759  -0.00140229  -0.00133434  32
18.4000  -0.27831555  0.46738713  0.54397636  2.10787914  -0.27971784  0.46605279  -0.00140229  -0.00133434  32
18.5000  -0.29156534  0.44967572  0.53592779  2.14603906  -0.29296762  0.44834138  -0.00140229  -0.00133434  32
18.6000  -0.30385570  0.43118250  0.52749089  2.18467186  -0.30525799  0.42984816  -0.00140229  -0.00133434  32
18.7000  -0.31518076  0.41196398  0.51870341  2.22387187  -0.31658304  0.41062964  -0.00140229  -0.00133434  32
18.8000  -0.32553746  0.39207821  0.50960765  2.26373411  -0.32693975  0.39074387  -0.00140229  -0.00133434  32
18.9000  -0.33492557  0.37158458  0.50025018  2.30435352  -0.33632785  0.37025025  -0.00140229  -0.00133434  32
19.0000  -0.34334753  0.35054372  0.49068159  2.34582408  -0.34474982  0.34920938  -0.00140229  -0.00133434  32
19.1000  -0.35080847  0.32901725  0.48095627  2.38823764  -0.35221075  0.32768291  -0.00140229  -0.00133434  32
19.2000  -0.35731606  0.30706764  0.47113194  2.43168239  -0.35871834  0.30573331  -0.00140229  -0.00133434  32
19.3000  -0.36288045  0.28475804  0.46126929  2.47624104  -0.36428273  0.28342370  -0.00140229  -0.00133434  32
19.4000  -0.36751418  0.26215205  0.45143147  2.52198862  -0.36891646  0.26081772  -0.00140229  -0.00133434  32
19.5000  -0.37123206  0.23931359  0.44168341  2.56898983  -0.37263435  0.23797925  -0.00140229  -0.00133434  32
19.6000  -0.37405110  0.21630665  0.43209119  2.61729609  -0.37545339  0.21497232  -0.00140229  -0.00133434  32
19.7000  -0.37599036  0.19319518  0.42272110  2.66694226  -0.37739264  0.19186084  -0.00140229  -0.00133434  32
19.8000  -0.37707086  0.17004280  0.41363872  2.71794304  -0.37847314  0.16870847  -0.00140229  -0.00133434  32
19.9000  -0.37731546  0.14691273  0.40490777  2.77028949  -0.37871774  0.14557839  -0.00140229  -0.00133434  32
20.0000  -0.37674874  0.12386748  0.39658891  2.82394560  -0.37815102  0.12253315  -0.00140229  -0.00133434  32
20.1000  -0.37539687  0.10096878  0.38873835  2.87884535  -0.37679916  0.09963444  -0.00140229  -0.00133434  32
20.2000  -0.37328751  0.07827730  0.38140648  2.93489061  -0.37468979  0.07694296  -0.00140229  -0.00133434  32
20.3000  -0.37044964  0.05585253  0.37463641  2.99195017  -0.37185192  0.05451819  -0.00140229  -0.00133434  32
20.4000  -0.36691347  0.03375258  0.36846265  3.04986026  -0.36831575  0.03241824  -0.00140229  -0.00133434  32
20.5000  -0.36271029  0.01203401  0.36290987  3.10842680  -0.36411258  0.01069967  -0.00140229  -0.00133434  32
20.6000  -0.35787237  -0.00924834  0.35799186  -3.11575584  -0.35927466  -0.01058268  -0.00140229  -0.00133434  32
20.7000  -0.35243281  -0.03004150  0.35371086  -3.05655784  -0.35383509  -0.03137584  -0.00140229  -0.00133434  32
20.8000  -0.34642538  -0.05029456  0.35005726  -2.99741845  -0.34782767  -0.05162890  -0.00140229  -0.00133434  32
20.9000  -0.33988448  -0.06995879  0.34700964  -2.93859663  -0.34128677  -0.07129312  -0.00140229  -0.00133434  32
21.0000  -0.33284494  -0.08898778  0.34453530  -2.88034769  -0.33424722  -0.09032211  -0.00140229  -0.00133434  32
21.1000  -0.32534191  -0.10733760  0.34259119  -2.82291502  -0.32674420  -0.10867194  -0.00140229  -0.00133434  32
21.2000  -0.31741080  -0.12496694  0.34112512  -2.76652277  -0.31881308  -0.12630128  -0.00140229  -0.00133434  32
21.3000  -0.30908706  -0.14183718  0.34007734  -2.71136985  -0.31048935  -0.14317152  -0.00140229  -0.00133434  32
21.4000  -0.30040617  -0.15791255  0.33938214  -2.65762567  -0.30180845  -0.15924689  -0.00140229  -0.00133434  32
21.5000  -0.29140345  -0.17316020  0.33896965  -2.60542779  -0.29280573  -0.17449454  -0.00140229  -0.00133434  32
21.6000  -0.28211400  -0.18755031  0.33876751  -2.55488118  -0.28351628  -0.18888465  -0.00140229  -0.00133434  32
21.7000  -0.27257258  -0.20105618  0.33870252  -2.50605911  -0.27397486  -0.20239051  -0.00140229  -0.00133434  32
21.8000  -0.26281351  -0.21365426  0.33870206  -2.45900507  -0.26421580  -0.21498859  -0.00140229  -0.00133434  32
21.9000  -0.25287060  -0.22532426  0.33869538  -2.41373573  -0.25427288  -0.22665860  -0.00140229  -0.00133434  32
22.0000  -0.24277700  -0.23604919  0.33861467  -2.37024420  -0.24417929  -0.23738353  -0.00140229  -0.00133434  32
22.1000  -0.23256520  -0.24581537  0.33839587  -2.32850360  -0.23396748  -0.24714970  -0.00140229  -0.00133434  32
22.2000  -0.22226687  -0.25461247  0.33797939  -2.28847057  -0.22366915  -0.25594681  -0.00140229  -0.00133434  32
22.3000  -0.21191284  -0.26243356  0.33731058  -2.25008852  -0.21331512  -0.26376790  -0.00140229  -0.00133434  32
22.4000  -0.20153300  -0.26927506  0.33634002  -2.21329062  -0.20293529  -0.27060940  -0.00140229  -0.00133434  32
22.5000  -0.19115627  -0.27513678  0.33502383  -2.17800235  -0.19255856  -0.27647111  -0.00140229  -0.00133434  32
22.6000  -0.18081048  -0.28002185  0.33332367  -2.14414371  -0.18221277  -0.28135619  -0.00140229  -0.00133434  32
22.7000  -0.17052239  -0.28393674  0.33120683  -2.11163097  -0.17192468  -0.28527108  -0.00140229  -0.00133434  32
22.8000  -0.16031759  -0.28689121  0.32864615  -2.08037805  -0.16171988  -0.28822554  -0.00140229  -0.00133434  32
22.9000  -0.15022046  -0.28889820  0.32561996  -2.05029764  -0.15162275  -0.29023254  -0.00140229  -0.00133434  32
23.0000  -0.14025417  -0.28997384  0.32211187  -2.02130186  -0.14165646  -0.29130817  -0.00140229  -0.00133434  32
23.1000  -0.13044060  -0.29013732  0.31811069  -1.99330284  -0.13184289  -0.29147165  -0.00140229  -0.00133434  32
23.2000  -0.12080035  -0.28941083  0.31361020  -1.96621293  -0.12220264  -0.29074517  -0.00140229  -0.00133434  32
23.3000  -0.11135269  -0.28781947  0.30860892  -1.93994475  -0.11275497  -0.28915380  -0.00140229  -0.00133434  32
23.4000  -0.10211555  -0.28539109  0.30310998  -1.91441109  -0.10351784  -0.28672542  -0.00140229  -0.00133434  32
23.5000  -0.09310553  -0.28215623  0.29712081  -1.88952462  -0.09450781  -0.28349056  -0.00140229  -0.00133434  32
23.6000  -0.08433784  -0.27814796  0.29065299  -1.86519744  -0.08574013  -0.27948230  -0.00140229  -0.00133434  32
23.7000  -0.07582637  -0.27340177  0.28372199  -1.84134052  -0.07722865  -0.27473611  -0.00140229  -0.00133434  32
23.8000  -0.06758361  -0.26795538  0.27634694  -1.81786296  -0.06898589  -0.26928972  -0.00140229  -0.00133434  32
23.9000  -0.05962070  -0.26184864  0.26855044  -1.79467108  -0.06102299  -0.26318297  -0.00140229  -0.00133434  32
24.0000  -0.05194746  -0.25512330  0.26035829  -1.77166739  -0.05334974  -0.25645764  -0.00140229  -0.00133434  32
24.1000  -0.04457232  -0.24782294  0.25179933  -1.74874932  -0.04597461  -0.24915728  -0.00140229  -0.00133434  32
24.2000  -0.03750245  -0.23999269  0.24290518  -1.72580767  -0.03890473  -0.24132703  -0.00140229  -0.00133434  32
24.3000  -0.03074366  -0.23167913  0.23371006  -1.70272486  -0.03214595  -0.23301347  -0.00140229  -0.00133434  32
24.4000  -0.02430052  -0.22293007  0.22425059  -1.67937276  -0.02570280  -0.22426440  -0.00140229  -0.00133434  32
24.5000  -0.01817632  -0.21379434  0.21456560  -1.65561014  -0.01957860  -0.21512867  -0.00140229  -0.00133434  32
24.6000  -0.01237313  -0.20432164  0.20469594  -1.63127959  -0.01377542  -0.20565598  -0.00140229  -0.00133434  32
24.7000  -0.00689183  -0.19456235  0.19468437  -1.60620373  -0.00829411  -0.19589669  -0.00140229  -0.00133434  32
24.8000  -0.00173212  -0.18456727  0.18457540  -1.58018081  -0.00313441  -0.18590161  -0.00140229  -0.00133434  32
24.9000  0.00310742  -0.17438747  0.17441515  -1.55297915  0.00170514  -0.17572181  -0.00140229  -0.00133434  32
25.0000  0.00762931  -0.16407409  0.16425137  -1.52433060  0.00622703  -0.16540843  -0.00140229  -0.00133434  32
25.1000  0.01183713  -0.15367812  0.15413332  -1.49392263  0.01043485  -0.15501245  -0.00140229  -0.00133434  32
25.2000  0.01573547  -0.14325020  0.14411185  -1.46138893  0.01433318  -0.14458454  -0.00140229  -0.00133434  32
25.3000  0.01932989  -0.13284045  0.13423945  -1.42629845  0.01792760  -0.13417479  -0.00140229  -0.00133434  32
25.4000  0.02262689  -0.12249825  0.12457045  -1.38814311  0.02122460  -0.12383259  -0.00140229  -0.00133434  32
25.5000  0.02563387  -0.11227205  0.11516123  -1.34632487  0.02423158  -0.11360639  -0.00140229  -0.00133434  32
25.6000  0.02835905  -0.10220919  0.10607052  -1.30014367  0.02695677  -0.10354353  -0.00140229  -0.00133434  32
25.7000  0.03081149  -0.09235571  0.09735977  -1.24878996  0.02940920  -0.09369005  -0.00140229  -0.00133434  32
25.8000  0.03300097  -0.08275619  0.08909349  -1.19134780  0.03159868  -0.08409052  -0.00140229  -0.00133434  32
25.9000  0.03493798  -0.07345353  0.08133931  -1.12681985  0.03353570  -0.07478786  -0.00140229  -0.00133434  32
26.0000  0.03663371  -0.06448884  0.07416764  -1.05419120  0.03523142  -0.06582318  -0.00140229  -0.00133434  32
26.1000  0.03809993  -0.05590127  0.06765025  -0.97255545  0.03669764  -0.05723560  -0.00140229  -0.00133434  32
26.2000  0.03934898  -0.04772781  0.06185699  -0.88132628  0.03794670  -0.04906215  -0.00140229  -0.00133434  32
26.3000  0.04039376  -0.04000323  0.05684993  -0.78054065  0.03899148  -0.04133757  -0.00140229  -0.00133434  32
26.4000  0.04124762  -0.03275987  0.05267424  -0.67120937  0.03984533  -0.03409421  -0.00140229  -0.00133434  32
26.5000  0.04192434  -0.02602756  0.04934657  -0.55558948  0.04052205  -0.02736190  -0.00140229  -0.00133434  32
26.6000  0.04243808  -0.01983350  0.04684398  -0.43718941  0.04103580  -0.02116784  -0.00140229  -0.00133434  32
26.7000  0.04280337  -0.01420216  0.04509800  -0.32036986  0.04140108  -0.01553649  -0.00140229  -0.00133434  32
26.8000  0.04303500  -0.00915515  0.04399804  -0.20961245  0.04163271  -0.01048949  -0.00140229  -0.00133434  32
26.9000  0.04314801  -0.00471121  0.04340445  -0.10875640  0.04174573  -0.00604555  -0.00140229  -0.00133434  32
27.0000  0.04315767  -0.00088609  0.04316676  -0.02052850  0.04175538  -0.00222042  -0.00140229  -0.00133434  32
27.1000  0.04307937  0.00230752  0.04314112  0.05351314  0.04167708  0.00097318  -0.00140229  -0.00133434  32
27.2000  0.04292863  0.00485996  0.04320286  0.11273034  0.04152635  0.00352563  -0.00140229  -0.00133434  32
27.3000  0.04272214  0.00676862  0.04325501  0.15712745  0.04131986  0.00543428  -0.00140229  -0.00133434  24
27.4000  0.04246749  0.00802634  0.04321932  0.18679633  0.04106520  0.00727039  -0.00140229  -0.00075596  30
27.5000  0.04216752  0.00863180  0.04304193  0.20191315  0.04076524  0.00787585  -0.00140229  -0.00075596  32
27.6000  0.04185737  0.00858756  0.04272921  0.20235451  0.04045508  0.00783161  -0.00140229  -0.00075596  32
27.7000  0.04155249  0.00789962  0.04229673  0.18786997  0.04015021  0.00714367  -0.00140229  -0.00075596  32
27.8000  0.04126823  0.00657709  0.04178905  0.15804500  0.03986595  0.00582113  -0.00140229  -0.00075596  32
27.9000  0.04101972  0.00463211  0.04128043  0.11244757  0.03961743  0.00387615  -0.00140229  -0.00075596  32
28.0000  0.04082118  0.00207983  0.04087413  0.05090573  0.03941889  0.00132387  -0.00140229  -0.00075596  32
28.1000  0.04068725  -0.00106168  0.04070110  -0.02608773  0.03928496  -0.00181763  -0.00140229  -0.00075596  32
28.2000  0.04063415  -0.00477152  0.04091334  -0.11689115  0.03923186  -0.00552748  -0.00140229  -0.00075596  32
28.3000  0.04067442  -0.00902593  0.04166385  -0.21836826  0.03927214  -0.00978188  -0.00140229  -0.00075596  32
28.4000  0.04082165  -0.01379851  0.04309068  -0.32596212  0.03941937  -0.01455447  -0.00140229  -0.00075596  32
28.5000  0.04108897  -0.01906035  0.04529459  -0.43433633  0.03968668  -0.01981630  -0.00140229  -0.00075596  32
28.6000  0.04148902  -0.02478005  0.04832587  -0.53840804  0.04008674  -0.02553601  -0.00140229  -0.00075596  32
28.7000  0.04203396  -0.03092395  0.05218376  -0.63427940  0.04063167  -0.03167990  -0.00140229  -0.00075596  32
28.8000  0.04273537  -0.03745618  0.05682673  -0.71966080  0.04133308  -0.03821214  -0.00140229  -0.00075596  32
28.9000  0.04360424  -0.04433887  0.06218734  -0.79375144  0.04220196  -0.04509483  -0.00140229  -0.00075596  32
29.0000  0.04465094  -0.05153228  0.06818565  -0.85682052  0.04324866  -0.05228824  -0.00140229  -0.00075596  32
29.1000  0.04588516  -0.05899496  0.07473857  -0.90975107  0.04448288  -0.05975091  -0.00140229  -0.00075596  32
29.2000  0.04731589  -0.06668392  0.08176515  -0.95368655  0.04591361  -0.06743988  -0.00140229  -0.00075596  32
29.3000  0.04895137  -0.07455484  0.08918891  -0.98980791  0.04754909  -0.07531080  -0.00140229  -0.00075596  32
29.4000  0.05079907  -0.08256220  0.09693844  -1.01921549  0.04939678  -0.08331815  -0.00140229  -0.00075596  32
29.5000  0.05286663  -0.09065947  0.10494770  -1.04287049  0.05146435  -0.09146153  -0.00140229  -0.00080206  32
29.6000  0.05515999  -0.09879928  0.11315442  -1.06160042  0.05375770  -0.09960134  -0.00140229  -0.00080206  32
29.7000  0.05768292  -0.10693371  0.12149954  -1.07610687  0.05628064  -0.10756817  -0.00140229  -0.00063446  32
29.8000  0.06043002  -0.11501461  0.12992362  -1.08702663  0.05902774  -0.11581304  -0.00140229  -0.00079843  32
29.9000  0.06342305  -0.12299354  0.13838314  -1.09469805  0.06202076  -0.12379197  -0.00140229  -0.00079843  32
30.0000  0.06665484  -0.13082169  0.14682364  -1.09957042  0.06525255  -0.13162012  -0.00140229  -0.00079843  32
30.1000  0.07012648  -0.13845070  0.15519768  -1.10195535  0.06872419  -0.13924913  -0.00140229  -0.00079843  32
30.2000  0.07383803  -0.14583259  0.16346008  -1.10210508  0.07243575  -0.14663102  -0.00140229  -0.00079843  32
30.3000  0.07778851  -0.15291995  0.17156796  -1.10022265  0.07638623  -0.15371838  -0.00140229  -0.00079843  32
30.4000  0.08197586  -0.15966617  0.17948072  -1.09647016  0.08057358  -0.16046460  -0.00140229  -0.00079843  32
30.5000  0.08639692  -0.16602558  0.18716015  -1.09097545  0.08499464  -0.16682401  -0.00140229  -0.00079843  32
30.6000  0.09104743  -0.17195369  0.19457057  -1.08383747  0.08964515  -0.17275212  -0.00140229  -0.00079843  32
30.7000  0.09592200  -0.17740732  0.20167892  -1.07513059  0.09451971  -0.17820575  -0.00140229  -0.00079843  32
30.8000  0.10101410  -0.18234484  0.20845500  -1.06490804  0.09961181  -0.18314327  -0.00140229  -0.00079843  32
30.9000  0.10631604  -0.18672629  0.21487160  -1.05320469  0.10491375  -0.18752472  -0.00140229  -0.00079843  32
31.0000  0.11181899  -0.19051357  0.22090475  -1.04003920  0.11041670  -0.19131200  -0.00140229  -0.00079843  32
31.1000  0.11751297  -0.19366789  0.22653157  -1.02540956  0.11594787  -0.19446632  -0.00156510  -0.00079843  32
31.2000  0.12338684  -0.19616829  0.23174622  -1.00933680  0.12182173  -0.19696672  -0.00156510  -0.00079843  32
31.3000  0.12942857  -0.19797295  0.23652704  -0.99177612  0.12786347  -0.19877138  -0.00156510  -0.00079843  32
31.4000  0.13562471  -0.19905271  0.24086519  -0.97269661  0.13405960  -0.19985114  -0.00156510  -0.00079843  32
31.5000  0.14196062  -0.19938100  0.24475620  -0.95205749  0.14039552  -0.20017943  -0.00156510  -0.00079843  32
31.6000  0.14842056  -0.19893394  0.24820027  -0.92980896  0.14685546  -0.19973237  -0.00156510  -0.00079843  32
31.7000  0.15498767  -0.19769045  0.25120249  -0.90589307  0.15342256  -0.19848888  -0.00156510  -0.00079843  32
31.8000  0.16164397  -0.19563237  0.25377312  -0.88024469  0.16007887  -0.19643080  -0.00156510  -0.00079843  32
31.9000  0.16837045  -0.19274449  0.25592782  -0.85279258  0.16680535  -0.19354293  -0.00156510  -0.00079843  32
32.0000  0.17514704  -0.18901470  0.25768788  -0.82346081  0.17358194  -0.18981313  -0.00156510  -0.00079843  32
32.1000  0.18195268  -0.18443398  0.25908043  -0.79217042  0.18038757  -0.18523241  -0.00156510  -0.00079843  32
32.2000  0.18876532  -0.17899650  0.26013860  -0.75884150  0.18720022  -0.17979493  -0.00156510  -0.00079843  32
32.3000  0.19556203  -0.17269965  0.26090166  -0.72339585  0.19399692  -0.17349808  -0.00156510  -0.00079843  32
32.4000  0.20231896  -0.16554406  0.26141499  -0.68576019  0.20075386  -0.16634249  -0.00156510  -0.00079843  32
32.5000  0.20901147  -0.15753362  0.26173009  -0.64587001  0.20744637  -0.15833205  -0.00156510  -0.00079843  32
32.6000  0.21561415  -0.14867550  0.26190431  -0.60367417  0.21404905  -0.14947393  -0.00156510  -0.00079843  32
32.7000  0.22210086  -0.13898011  0.26200050  -0.55914005  0.22053576  -0.13977854  -0.00156510  -0.00079843  32
32.8000  0.22844485  -0.12846111  0.26208645  -0.51225936  0.22687975  -0.12925954  -0.00156510  -0.00079843  32
32.9000  0.23461883  -0.11714167  0.26223685  -0.46307545  0.23252343  -0.11794010  -0.00209540  -0.00079843  30
33.0000  0.24059582  -0.10505365  0.26253117  -0.41168799  0.23850041  -0.10585208  -0.00209540  -0.00079843  32
33.1000  0.24634785  -0.09220201  0.26303702  -0.35813552  0.24425245  -0.09300045  -0.00209540  -0.00079843  32
33.2000  0.25184635  -0.07861292  0.26383058  -0.30256267  0.24975095  -0.07941135  -0.00209540  -0.00079843  32
33.3000  0.25706246  -0.06431550  0.26498602  -0.24516128  0.25496706  -0.06511393  -0.00209540  -0.00079843  32
33.4000  0.26196717  -0.04934175  0.26657346  -0.18616980  0.25987177  -0.05014018  -0.00209540  -0.00079843  32
33.5000  0.26653140  -0.03372649  0.26865678  -0.12586955  0.26443600  -0.03452492  -0.00209540  -0.00079843  32
33.6000  0.27072610  -0.01750721  0.27129158  -0.06457769  0.26863069  -0.01830564  -0.00209540  -0.00079843  32
33.7000  0.27452231  -0.00072398  0.27452326  -0.00263723  0.27242691  -0.00152241  -0.00209540  -0.00079843  32
33.8000  0.27789132  0.01658068  0.27838554  0.05959541  0.27579592  0.01578225  -0.00209540  -0.00079843  32
33.9000  0.28080476  0.03436195  0.28289938  0.12176417  0.27870936  0.03356352  -0.00209540  -0.00079843  32
34.0000  0.28323467  0.05257282  0.28807252  0.18352707  0.28113927  0.05177438  -0.00209540  -0.00079843  32
34.1000  0.28515364  0.07116425  0.29389955  0.24456882  0.28305824  0.07036582  -0.00209540  -0.00079843  32
34.2000  0.28653491  0.09008535  0.30036249  0.30461099  0.28443951  0.08928692  -0.00209540  -0.00079843  32
34.3000  0.28735250  0.10928350  0.30743185  0.36341928  0.28525710  0.10848507  -0.00209540  -0.00079843  32
34.4000  0.28758128  0.12870454  0.31506801  0.42080749  0.28548588  0.12790611  -0.00209540  -0.00079843  32
34.5000  0.28719713  0.14829295  0.32322281  0.47663834  0.28510173  0.14749451  -0.00209540  -0.00079843  32
34.6000  0.28617700  0.16799199  0.33184120  0.53082168  0.28408160  0.16719356  -0.00209540  -0.00079843  32
34.7000  0.28449906  0.18774394  0.34086288  0.58331072  0.28240366  0.18694551  -0.00209540  -0.00079843  32
34.8000  0.28214282  0.20749022  0.35022387  0.63409696  0.28004741  0.20669179  -0.00209540  -0.00079843  32
34.9000  0.27908917  0.22717162  0.35985791  0.68320441  0.27699377  0.22637319  -0.00209540  -0.00079843  32
35.0000  0.27532059  0.24672847  0.36969767  0.73068379  0.27322519  0.24593004  -0.00209540  -0.00079843  32
35.1000  0.27082115  0.26610082  0.37967584  0.77660691  0.26872575  0.26530238  -0.00209540  -0.00079843  32
35.2000  0.26557669  0.28522865  0.38972601  0.82106163  0.26348129  0.28443022  -0.00209540  -0.00079843  32
35.3000  0.25957487  0.30405207  0.39978341  0.86414745  0.25747947  0.30325363  -0.00209540  -0.00079843  32
35.4000  0.25280530  0.32251146  0.40978550  0.90597181  0.25070989  0.32171303  -0.00209540  -0.00079843  32
35.5000  0.24525959  0.34054770  0.41967250  0.94664711  0.24316419  0.33974927  -0.00209540  -0.00079843  32
35.6000  0.23693150  0.35810237  0.42938775  0.98628832  0.23483610  0.35730394  -0.00209540  -0.00079843  32
35.7000  0.22781694  0.37511787  0.43887808  1.02501116  0.22572154  0.37431944  -0.00209540  -0.00079843  32
35.8000  0.21791412  0.39153765  0.44809407  1.06293076  0.21581871  0.39073922  -0.00209540  -0.00079843  32
35.9000  0.20722357  0.40730796  0.45699166  1.10016225  0.20497766  0.40650953  -0.00224590  -0.00079843  32
36.0000  0.19574830  0.42236479  0.46552058  1.13680735  0.19350240  0.42156636  -0.00224590  -0.00079843  32
36.1000  0.18349394  0.43666427  0.47365146  1.17298351  0.18124804  0.43586583  -0.00224590  -0.00079843  32
36.2000  0.17046840  0.45015574  0.48135191  1.20879661  0.16822250  0.44935730  -0.00224590  -0.00079843  32
36.3000  0.15668212  0.46279042  0.48859417  1.24434956  0.15443622  0.46199199  -0.00224590  -0.00079843  32
36.4000  0.14214815  0.47452158  0.49535525  1.27974235  0.13990225  0.47372315  -0.00224590  -0.00079843  32
36.5000  0.12688212  0.48530462  0.50161704  1.31507205  0.12463622  0.48450619  -0.00224590  -0.00079843  32
36.6000  0.11090232  0.49509729  0.50736638  1.35043289  0.10865642  0.49429886  -0.00224590  -0.00079843  32
36.7000  0.09422965  0.50385973  0.51259522  1.38591632  0.09198375  0.50306130  -0.00224590  -0.00079843  32
36.8000  0.07688769  0.51155468  0.51730060  1.42161104  0.07464179  0.51075625  -0.00224590  -0.00079843  32
36.9000  0.05890261  0.51814754  0.52148479  1.45760303  0.05665671  0.51734911  -0.00224590  -0.00079843  32
37.0000  0.04030323  0.52360648  0.52515530  1.49397544  0.03805732  0.52280805  -0.00224590  -0.00079843  32
37.1000  0.02112093  0.52790255  0.52832490  1.53080852  0.01887503  0.52710412  -0.00224590  -0.00079843  32
37.2000  0.00138966  0.53100978  0.53101160  1.56817932  -0.00085624  0.53021135  -0.00224590  -0.00079843  32
37.3000  -0.01885412  0.53290523  0.53323866  1.60616146  -0.02110002  0.53210680  -0.00224590  -0.00079843  32
37.4000  -0.03957152  0.53356908  0.53503445  1.64482462  -0.04181742  0.53277065  -0.00224590  -0.00079843  32
37.5000  -0.06072123  0.53298468  0.53643242  1.68423402  -0.06296713  0.53218625  -0.00224590  -0.00079843  32
37.6000  -0.08225967  0.53113862  0.53747083  1.72444977  -0.08450557  0.53034019  -0.00224590  -0.00079843  32
37.7000  -0.10414099  0.52802076  0.53819260  1.76552602  -0.10638689  0.52722233  -0.00224590  -0.00079843  32
37.8000  -0.12631723  0.52362427  0.53864498  1.80751004  -0.12856313  0.52282583  -0.00224590  -0.00079843  32
37.9000  -0.14873840  0.51794562  0.53887919  1.85044124  -0.15098430  0.51714719  -0.00224590  -0.00079843  32
38.0000  -0.17135257  0.51098467  0.53894994  1.89434998  -0.17359847  0.51018624  -0.00224590  -0.00079843  32
38.1000  -0.19410602  0.50274459  0.53891490  1.93925646  -0.19635192  0.50194616  -0.00224590  -0.00079843  32
38.2000  -0.21694339  0.49323514  0.53883702  1.98516719  -0.21905382  0.49243671  -0.00211043  -0.00079843  32
38.3000  -0.23980801  0.48246598  0.53877760  2.03207831  -0.24191844  0.48166755  -0.00211043  -0.00079843  32
38.4000  -0.26264156  0.47044726  0.53879608  2.07997473  -0.26475199  0.46964883  -0.00211043  -0.00079843  32
38.5000  -0.28538449  0.45719542  0.53895451  2.12882505  -0.28749492  0.45639699  -0.00211043  -0.00079843  32
38.6000  -0.30797617  0.44273014  0.53931373  2.17858307  -0.31008660  0.44193171  -0.00211043  -0.00079843  32
38.7000  -0.33035503  0.42707432  0.53993233  2.22918768  -0.33246546  0.42627589  -0.00211043  -0.00079843  32
38.8000  -0.35245878  0.41025398  0.54086552  2.28056319  -0.35456921  0.40945554  -0.00211043  -0.00079843  32
38.9000  -0.37422456  0.39229820  0.54216409  2.33262011  -0.37633499  0.39149977  -0.00211043  -0.00079843  32
39.0000  -0.39558912  0.37323911  0.54387332  2.38525653  -0.39769955  0.37244068  -0.00211043  -0.00079843  32
39.1000  -0.41648903  0.35311174  0.54603206  2.43835996  -0.41859947  0.35231331  -0.00211043  -0.00079843  32
39.2000  -0.43686086  0.33195395  0.54867188  2.49180971  -0.43897129  0.33115552  -0.00211043  -0.00079843  32
39.3000  -0.45664135  0.30980638  0.55181638  2.54547958  -0.45875178  0.30900795  -0.00211043  -0.00079843  32
39.4000  -0.47576765  0.28671229  0.55548069  2.59924090  -0.47787808  0.28591386  -0.00211043  -0.00079843  32
39.5000  -0.49417749  0.26271752  0.55967123  2.65296564  -0.49628792  0.26191909  -0.00211043  -0.00079843  32
39.6000  -0.51180939  0.23787032  0.56438562  2.70652946  -0.51391982  0.23707188  -0.00211043  -0.00079843  32
39.7000  -0.52860286  0.21222126  0.56961289  2.75981468  -0.53071329  0.21142283  -0.00211043  -0.00079843  32
39.8000  -0.54449862  0.18582313  0.57533380  2.81271275  -0.54660905  0.18502470  -0.00211043  -0.00079843  32
39.9000  -0.55943877  0.15873079  0.58152145  2.86512645  -0.56154920  0.15793236  -0.00211043  -0.00079843  32
40.0000  -0.57336699  0.13100102  0.58814197  2.91697147  -0.57547742  0.13020259  -0.00211043  -0.00079843  32
40.1000  -0.58622879  0.10269244  0.59515538  2.96817750  -0.58833922  0.10189401  -0.00211043  -0.00079843  32
40.2000  -0.59797162  0.07386533  0.60251651  3.01868877  -0.60008205  0.07306690  -0.00211043  -0.00079843  32
40.3000  -0.60854515  0.04458150  0.61017597  3.06846414  -0.61065558  0.04378307  -0.00211043  -0.00079843  32
40.4000  -0.61790138  0.01490416  0.61808111  3.11747672  -0.62001181  0.01410572  -0.00211043  -0.00079843  32
40.5000  -0.62599488  -0.01510226  0.62617703  -3.11747212  -0.62810531  -0.01590069  -0.00211043  -0.00079843  32
40.6000  -0.63278293  -0.04537221  0.63440750  -3.07001251  -0.63489336  -0.04617064  -0.00211043  -0.00079843  32
40.7000  -0.63822570  -0.07583921  0.64271583  -3.02331906  -0.64033613  -0.07663764  -0.00211043  -0.00079843  32
40.8000  -0.64228643  -0.10643597  0.65104568  -2.97737086  -0.64439686  -0.10723440  -0.00211043  -0.00079843  32
40.9000  -0.64493156  -0.13709459  0.65934182  -2.93213807  -0.64704199  -0.13789302  -0.00211043  -0.00079843  32
41.0000  -0.64613088  -0.16774666  0.66755079  -2.88758323  -0.64824131  -0.16854510  -0.00211043  -0.00079843  32
41.1000  -0.64585770  -0.19832345  0.67562146  -2.84366241  -0.64796813  -0.19912188  -0.00211043  -0.00079843  32
41.2000  -0.64408906  -0.22875603  0.68350570  -2.80032650  -0.64619949  -0.22955446  -0.00211043  -0.00079843  32
41.3000  -0.64080564  -0.25897550  0.69115858  -2.75752199  -0.64291607  -0.25977394  -0.00211043  -0.00079843  32
41.4000  -0.63599195  -0.28891307  0.69853884  -2.71519216  -0.63810238  -0.28971150  -0.00211043  -0.00079843  32
41.5000  -0.62963646  -0.31850019  0.70560927  -2.67327779  -0.63174689  -0.31929862  -0.00211043  -0.00079843  32
41.6000  -0.62173168  -0.34766878  0.71233690  -2.63171794  -0.62384211  -0.34846721  -0.00211043  -0.00079843  32
41.7000  -0.61227425  -0.37635132  0.71869331  -2.59045058  -0.61438468  -0.37714975  -0.00211043  -0.00079843  32
41.8000  -0.60126495  -0.40448103  0.72465471  -2.54941318  -0.60337538  -0.40527946  -0.00211043  -0.00079843  32
41.9000  -0.58870881  -0.43199200  0.73020213  -2.50854320  -0.59081924  -0.43279043  -0.00211043  -0.00079843  32
42.0000  -0.57461512  -0.45881934  0.73532151  -2.46777852  -0.57672555  -0.45961777  -0.00211043  -0.00079843  32
42.1000  -0.55899745  -0.48489919  0.74000363  -2.42705801  -0.56110789  -0.48569762  -0.00211043  -0.00079843  32
42.2000  -0.54187370  -0.51016913  0.74424435  -2.38632157  -0.54398413  -0.51096756  -0.00211043  -0.00079843  32
42.3000  -0.52326603  -0.53456821  0.74804446  -2.34551063  -0.52537646  -0.53536664  -0.00211043  -0.00079843  32
42.4000  -0.50320092  -0.55803705  0.75140968  -2.30456856  -0.50531135  -0.55883548  -0.00211043  -0.00079843  32
42.5000  -0.48170908  -0.58051795  0.75435053  -2.26344092  -0.48381951  -0.58131638  -0.00211043  -0.00079843  32
42.6000  -0.45882544  -0.60195508  0.75688223  -2.22207587  -0.46093587  -0.60275351  -0.00211043  -0.00079843  32
42.7000  -0.43458909  -0.62229456  0.75902450  -2.18042452  -0.43669952  -0.62309299  -0.00211043  -0.00079843  32
42.8000  -0.40904323  -0.64148457  0.76080143  -2.13844125  -0.41115366  -0.64228300  -0.00211043  -0.00079843  32
42.9000  -0.38223502  -0.65947550  0.76224114  -2.09608418  -0.38434545  -0.66027394  -0.00211043  -0.00079843  32
43.0000  -0.35421558  -0.67622005  0.76337556  -2.05331551  -0.35632601  -0.67701849  -0.00211043  -0.00079843  32
43.1000  -0.32503981  -0.69167333  0.76424006  -2.01010197  -0.32715024  -0.69247176  -0.00211043  -0.00079843  32
43.2000  -0.29476631  -0.70579294  0.76487309  -1.96641524  -0.29687674  -0.70659137  -0.00211043  -0.00079843  32
43.3000  -0.26345722  -0.71853913  0.76531574  -1.92223238  -0.26556765  -0.71933756  -0.00211043  -0.00079843  32
43.4000  -0.23117810  -0.72987483  0.76561125  -1.87753624  -0.23328854  -0.73067326  -0.00211043  -0.00079843  32
43.5000  -0.19799777  -0.73976579  0.76580451  -1.83231585  -0.20010820  -0.74056422  -0.00211043  -0.00079843  32
43.6000  -0.16398811  -0.74818063  0.76594148  -1.78656676  -0.16609855  -0.74897906  -0.00211043  -0.00079843  32
43.7000  -0.12922395  -0.75509090  0.76606860  -1.74029129  -0.13133438  -0.75588934  -0.00211043  -0.00079843  32
43.8000  -0.09378282  -0.76047123  0.76623215  -1.69349878  -0.09589326  -0.76126966  -0.00211043  -0.00079843  32
43.9000  -0.05774479  -0.76429931  0.76647759  -1.64620565  -0.05985522  -0.76509774  -0.00211043  -0.00079843  32
44.0000  -0.02119224  -0.76655601  0.76684889  -1.59843533  -0.02330267  -0.76735444  -0.00211043  -0.00079843  32
44.1000  0.01579032  -0.76722539  0.76738786  -1.55021816  0.01367989  -0.76802382  -0.00211043  -0.00079843  32
44.2000  0.05311651  -0.76629481  0.76813351  -1.50159100  0.05100608  -0.76709324  -0.00211043  -0.00079843  32
44.3000  0.09069827  -0.76375491  0.76912141  -1.45259678  0.08858784  -0.76455334  -0.00211043  -0.00079843  32
44.4000  0.12844612  -0.75959971  0.77038311  -1.40328383  0.12633569  -0.76039814  -0.00211043  -0.00079843  32
44.5000  0.16626939  -0.75382659  0.77194562  -1.35370512  0.16415895  -0.75462502  -0.00211043  -0.00079843  32
44.6000  0.20407646  -0.74643635  0.77383100  -1.30391729  0.20196602  -0.74723478  -0.00211043  -0.00079843  32
44.7000  0.24177501  -0.73743320  0.77605598  -1.25397963  0.23966458  -0.73823163  -0.00211043  -0.00079843  32
44.8000  0.27927230  -0.72682482  0.77863170  -1.20395299  0.27716186  -0.72762325  -0.00211043  -0.00079843  32
44.9000  0.31647535  -0.71462231  0.78156362  -1.15389855  0.31436492  -0.71542074  -0.00211043  -0.00079843  32
45.0000  0.35329127  -0.70084025  0.78485144  -1.10387671  0.35118084  -0.70163868  -0.00211043  -0.00079843  32
45.1000  0.38962750  -0.68549664  0.78848921  -1.05394596  0.38751707  -0.68629507  -0.00211043  -0.00079843  32
45.2000  0.42539202  -0.66861292  0.79246552  -1.00416179  0.42342150  -0.66941135  -0.00197052  -0.00079843  32
45.3000  0.46049349  -0.65020751  0.79675847  -0.95457125  0.45852297  -0.65100594  -0.00197052  -0.00079843  32
45.4000  0.49484168  -0.63031510  0.80135224  -0.90522538  0.49287115  -0.63111353  -0.00197052  -0.00079843  32
45.5000  0.52834781  -0.60896730  0.80622118  -0.85616559  0.52637729  -0.60976573  -0.00197052  -0.00079843  32
45.6000  0.56092473  -0.58619904  0.81133585  -0.80742736  0.55895421  -0.58699747  -0.00197052  -0.00079843  32
45.7000  0.59248707  -0.56204850  0.81666361  -0.75903992  0.59051655  -0.56284693  -0.00197052  -0.00079843  32
45.8000  0.62295156  -0.53655709  0.82216917  -0.71102604  0.62098104  -0.53735552  -0.00197052  -0.00079843  32
45.9000  0.65223720  -0.50976937  0.82781530  -0.66340200  0.65026668  -0.51056780  -0.00197052  -0.00079843  32
46.0000  0.68026553  -0.48173299  0.83356336  -0.61617773  0.67829501  -0.48253142  -0.00197052  -0.00079843  32
46.1000  0.70696086  -0.45249860  0.83937396  -0.56935700  0.70499034  -0.45348831  -0.00197052  -0.00098970  30
46.2000  0.73225924  -0.42211960  0.84521509  -0.52293229  0.73028872  -0.42310930  -0.00197052  -0.00098970  32
46.3000  0.75608226  -0.39065218  0.85104026  -0.47690197  0.75411174  -0.39164189  -0.00197052  -0.00098970  32
46.4000  0.77836371  -0.35815556  0.85681122  -0.43125353  0.77639319  -0.35914526  -0.00197052  -0.00098970  32
46.5000  0.79904090  -0.32469157  0.86249114  -0.38596990  0.79707038  -0.32568127  -0.00197052  -0.00098970  32
46.6000  0.81805489  -0.29032459  0.86804503  -0.34103003  0.81608437  -0.29131429  -0.00197052  -0.00098970  32
46.7000  0.83535063  -0.25512143  0.87344011  -0.29640938  0.83338011  -0.25611113  -0.00197052  -0.00098970  32
46.8000  0.85087714  -0.21915122  0.87864621  -0.25208043  0.84890662  -0.22014092  -0.00197052  -0.00098970  32
46.9000  0.86458764  -0.18248525  0.88363604  -0.20801317  0.86261712  -0.18347495  -0.00197052  -0.00098970  32
47.0000  0.87643967  -0.14519688  0.88838540  -0.16417560  0.87446914  -0.14618658  -0.00197052  -0.00098970  32
47.1000  0.88639524  -0.10736137  0.89287344  -0.12053420  0.88442471  -0.10835107  -0.00197052  -0.00098970  32
47.2000  0.89442092  -0.06905575  0.89708276  -0.07705436  0.89245040  -0.07004545  -0.00197052  -0.00098970  32
47.3000  0.90048797  -0.03035866  0.90099958  -0.03370080  0.89851745  -0.03134836  -0.00197052  -0.00098970  32
47.4000  0.90457237  0.00864980  0.90461373  0.00956202  0.90260185  0.00766010  -0.00197052  -0.00098970  32
47.5000  0.90665494  0.04788823  0.90791875  0.05276955  0.90468441  0.04689853  -0.00197052  -0.00098970  32
47.6000  0.90672135  0.08727409  0.91091183  0.09595678  0.90475083  0.08628439  -0.00197052  -0.00098970  32
47.7000  0.90476222  0.12672388  0.91359379  0.13915791  0.90279170  0.12573418  -0.00197052  -0.00098970  32
47.8000  0.90077311  0.16615331  0.91596895  0.18240605  0.89880259  0.16516361  -0.00197052  -0.00098970  32
47.9000  0.89475456  0.20547748  0.91804505  0.22573287  0.89278404  0.20448778  -0.00197052  -0.00098970  32
48.0000  0.88671207  0.24461106  0.91983306  0.26916837  0.88474155  0.24362136  -0.00197052  -0.00098970  32
48.1000  0.87665612  0.28346848  0.92134702  0.31274059  0.87468559  0.28247878  -0.00197052  -0.00098970  32
48.2000  0.86460211  0.32196409  0.92260376  0.35647532  0.86263159  0.32097439  -0.00197052  -0.00098970  32
48.3000  0.85057039  0.36001240  0.92362271  0.40039591  0.84859987  0.35902270  -0.00197052  -0.00098970  32
48.4000  0.83458612  0.39752824  0.92442560  0.44452301  0.83261560  0.39653854  -0.00197052  -0.00098970  32
48.5000  0.81667928  0.43442695  0.92503612  0.48887438  0.81470876  0.43343725  -0.00197052  -0.00098970  32
48.6000  0.79688457  0.47062460  0.92547962  0.53346471  0.79491405  0.46963490  -0.00197052  -0.00098970  32
48.7000  0.77524132  0.50603816  0.92578277  0.57830546  0.77327080  0.50504846  -0.00197052  -0.00098970  32
48.8000  0.75179341  0.54058573  0.92597314  0.62340472  0.74982289  0.53959603  -0.00197052  -0.00098970  32
48.9000  0.72658914  0.57418669  0.92607890  0.66876716  0.72461861  0.57319699  -0.00197052  -0.00098970  32
49.0000  0.69968110  0.60676193  0.92612833  0.71439395  0.69771058  0.60577223  -0.00197052  -0.00098970  32
49.1000  0.67112607  0.63823406  0.92614952  0.76028277  0.66915555  0.63724436  -0.00197052  -0.00098970  32
49.2000  0.64098487  0.66852756  0.92616991  0.80642784  0.63901435  0.66753785  -0.00197052  -0.00098970  32
49.3000  0.60932218  0.69756898  0.92621595  0.85282003  0.60735166  0.69657928  -0.00197052  -0.00098970  32
49.4000  0.57620639  0.72528716  0.92631273  0.89944701  0.57423587  0.72429746  -0.00197052  -0.00098970  32
49.5000  0.54170947  0.75161340  0.92648359  0.94629342  0.53973895  0.75062370  -0.00197052  -0.00098970  32
49.6000  0.50590671  0.77648162  0.92674986  0.99334118  0.50393619  0.77549192  -0.00197052  -0.00098970  32
49.7000  0.46887662  0.79982857  0.92713053  1.04056976  0.46690610  0.79883887  -0.00197052  -0.00098970  32
49.8000  0.43070067  0.82159397  0.92764202  1.08795652  0.42873015  0.82060427  -0.00197052  -0.00098970  32
49.9000  0.39146310  0.84172073  0.92829798  1.13547715  0.38949258  0.84073103  -0.00197052  -0.00098970  32
50.0000  0.35125076  0.86015503  0.92910913  1.18310603  0.34928024  0.85916533  -0.00197052  -0.00098970  32
