# PauliOperators.jl SparsePauliVector correlation data
# C(t) = <psi | A B(t) | psi>
# Corrected C(t) = raw C(t) - accumulated truncation change
#
# time  Re_C  Im_C  Abs_C  Phase_C  Re_C_raw  Im_C_raw  Re_accumulated_correction  Im_accumulated_correction  n_terms
0.0000  1.00000000  0.00000000  1.00000000  0.00000000  1.00000000  0.00000000  0.00000000  0.00000000  2
0.1000  0.99868908  0.04602222  0.99974893  0.04605005  0.99926402  0.04601175  0.00057495  -0.00001047  100
0.2000  0.99476902  0.09189281  0.99900435  0.09211460  0.99592589  0.09188287  0.00115687  -0.00000994  180
0.3000  0.98826082  0.13751056  0.99778184  0.13825629  0.98998949  0.13750556  0.00172867  -0.00000500  241
0.4000  0.97919664  0.18285095  0.99612275  0.18460948  0.98335365  0.18277205  0.00415700  -0.00007890  310
0.5000  0.96763388  0.22775390  0.99407604  0.23116444  0.97366543  0.22747321  0.00603155  -0.00028069  370
0.6000  0.95366044  0.27204927  0.99170512  0.27788746  0.96168225  0.27193934  0.00802181  -0.00010993  430
0.7000  0.93732349  0.31561983  0.98903549  0.32479953  0.94746567  0.31524419  0.01014218  -0.00037564  502
0.8000  0.91868810  0.35830670  0.98608900  0.37187340  0.93051714  0.35829526  0.01182903  -0.00001143  583
0.9000  0.89786614  0.39997894  0.98292764  0.41908645  0.91139775  0.40010272  0.01353161  0.00012378  638
1.0000  0.87505783  0.44049416  0.97967409  0.46635483  0.89015418  0.43998338  0.01509634  -0.00051077  697
1.1000  0.85039331  0.47975720  0.97638914  0.51364897  0.86722047  0.47866206  0.01682717  -0.00109514  765
1.2000  0.82403161  0.51765694  0.97313761  0.56089738  0.84273596  0.51470378  0.01870435  -0.00295316  844
1.3000  0.79615383  0.55410226  0.96999497  0.60801874  0.81630614  0.54975769  0.02015231  -0.00434457  927
1.4000  0.76690213  0.58898186  0.96697389  0.65492277  0.78800163  0.58399936  0.02109951  -0.00498250  989
1.5000  0.73635443  0.62219859  0.96402745  0.70156758  0.75833463  0.61647518  0.02198020  -0.00572341  1057
1.6000  0.70468829  0.65369119  0.96119600  0.74787319  0.72725370  0.64830753  0.02256541  -0.00538366  1127
1.7000  0.67200943  0.68336165  0.95842570  0.79377370  0.69526645  0.67895448  0.02325703  -0.00440717  1176
1.8000  0.63844343  0.71115753  0.95569611  0.83922434  0.66095569  0.70682692  0.02251225  -0.00433061  1259
1.9000  0.60414052  0.73699933  0.95297103  0.88414009  0.62582552  0.73340272  0.02168500  -0.00359660  1311
2.0000  0.56921545  0.76088879  0.95024101  0.92851692  0.58990673  0.75790818  0.02069127  -0.00298061  1388
2.1000  0.53375724  0.78276695  0.94742857  0.97233165  0.55331320  0.78037124  0.01955596  -0.00239571  1451
2.2000  0.49788514  0.80264464  0.94452529  1.01557973  0.51559852  0.80126048  0.01771339  -0.00138416  1506
2.3000  0.46168489  0.82053424  0.94150379  1.05828247  0.47744976  0.82052146  0.01576486  -0.00001279  1566
2.4000  0.42517186  0.83643318  0.93829184  1.10051856  0.43974056  0.83786713  0.01456870  0.00143395  1610
2.5000  0.38845317  0.85041372  0.93493281  1.14231731  0.40200906  0.85331643  0.01355589  0.00290271  1672
2.6000  0.35155303  0.86250697  0.93140099  1.18376023  0.36408073  0.86738408  0.01252770  0.00487711  1719
2.7000  0.31446074  0.87277527  0.92769728  1.22497539  0.32666886  0.87990171  0.01220813  0.00712644  1828
2.8000  0.27722684  0.88132124  0.92389493  1.26603745  0.29007984  0.89085006  0.01285300  0.00952883  1880
2.9000  0.23983624  0.88819043  0.92000199  1.30705844  0.25367784  0.89995199  0.01384160  0.01176156  1949
3.0000  0.20230466  0.89342784  0.91604611  1.34811504  0.21695916  0.90853687  0.01465450  0.01510903  1999
3.1000  0.16457330  0.89707590  0.91204689  1.38935858  0.17964306  0.91523975  0.01506976  0.01816385  2078
3.2000  0.12660131  0.89912316  0.90799249  1.43091065  0.14207750  0.91999079  0.01547618  0.02086763  2153
3.3000  0.08839858  0.89963053  0.90396316  1.47284977  0.10452540  0.92323399  0.01612683  0.02360346  2230
3.4000  0.05002868  0.89868920  0.90008063  1.51518523  0.06788644  0.92498398  0.01785776  0.02629478  2328
3.5000  0.01141030  0.89635636  0.89642899  1.55806737  0.03091627  0.92528350  0.01950597  0.02892714  2373
3.6000  -0.02743314  0.89267555  0.89309698  1.60151803  -0.00656220  0.92417223  0.02087094  0.03149668  2457
3.7000  -0.06651243  0.88767829  0.89016664  1.64558510  -0.04422564  0.92113447  0.02228678  0.03345618  2498
3.8000  -0.10581713  0.88138330  0.88771267  1.69028245  -0.08188210  0.91580243  0.02393503  0.03441913  2574
3.9000  -0.14525544  0.87383323  0.88582371  1.73551804  -0.11982792  0.90856567  0.02542752  0.03473244  2604
4.0000  -0.18477941  0.86500883  0.88452457  1.78124891  -0.15767799  0.89895449  0.02710142  0.03394566  2683
4.1000  -0.22430343  0.85493572  0.88387053  1.82737641  -0.19539188  0.88876731  0.02891155  0.03383159  2713
4.2000  -0.26380428  0.84361876  0.88390345  1.87386846  -0.23303559  0.87666868  0.03076869  0.03304992  2797
4.3000  -0.30323990  0.83103716  0.88463393  1.92067703  -0.26959699  0.86324205  0.03364291  0.03220490  2858
4.4000  -0.34254769  0.81718447  0.88607527  1.96772739  -0.30657908  0.84849950  0.03596861  0.03131503  2933
4.5000  -0.38163729  0.80205546  0.88822294  2.01491682  -0.34308985  0.83299354  0.03854744  0.03093808  2973
4.6000  -0.42047302  0.78562749  0.89107132  2.06221094  -0.38011254  0.81631106  0.04036047  0.03068358  3019
4.7000  -0.45895056  0.76785585  0.89456036  2.10952593  -0.41718504  0.79804419  0.04176552  0.03018833  3091
4.8000  -0.49696294  0.74871625  0.89863685  2.15677933  -0.45386857  0.77848104  0.04309437  0.02976479  3142
4.9000  -0.53441784  0.72820129  0.90326051  2.20390545  -0.49011325  0.75737036  0.04430459  0.02916907  3216
5.0000  -0.57121357  0.70631936  0.90838978  2.25083090  -0.52569547  0.73486039  0.04551810  0.02854103  3262
5.1000  -0.60720511  0.68307985  0.91394536  2.29745749  -0.56018282  0.71094577  0.04702228  0.02786592  3320
5.2000  -0.64229744  0.65854708  0.91990774  2.34370354  -0.59390689  0.68572061  0.04839055  0.02717353  3369
5.3000  -0.67641740  0.63275551  0.92623973  2.38953288  -0.62582526  0.65885936  0.05059214  0.02610385  3429
5.4000  -0.70933335  0.60575348  0.93278673  2.43479498  -0.65637029  0.63064941  0.05296306  0.02489593  3443
5.5000  -0.74096619  0.57758352  0.93948583  2.47947699  -0.68566041  0.60181124  0.05530578  0.02422771  3517
5.6000  -0.77128635  0.54831433  0.94632512  2.52358274  -0.71341234  0.57244876  0.05787400  0.02413444  3575
5.7000  -0.80022332  0.51802168  0.95325957  2.56708515  -0.74013467  0.54287851  0.06008865  0.02485683  3619
5.8000  -0.82770980  0.48672223  0.96020937  2.61001750  -0.76543741  0.51252053  0.06227239  0.02579830  3701
5.9000  -0.85363985  0.45445433  0.96707276  2.65238373  -0.78907222  0.48104816  0.06456763  0.02659383  3752
6.0000  -0.87790850  0.42126716  0.97375015  2.69419204  -0.81158120  0.44844514  0.06632730  0.02717798  3809
6.1000  -0.90044358  0.38719281  0.98016168  2.73549265  -0.83247253  0.41510174  0.06797105  0.02790892  3840
6.2000  -0.92115613  0.35227534  0.98621830  2.77632625  -0.85109682  0.38081553  0.07005932  0.02854019  3884
6.3000  -0.93997382  0.31661968  0.99186632  2.81669048  -0.86806578  0.34531684  0.07190804  0.02869716  3935
6.4000  -0.95680485  0.28029640  0.99701635  2.85661583  -0.88375738  0.30919647  0.07304747  0.02890007  3968
6.5000  -0.97159016  0.24332573  1.00159615  2.89619925  -0.89751148  0.27288811  0.07407868  0.02956238  4035
6.6000  -0.98430085  0.20579759  1.00558481  2.93548179  -0.90964211  0.23546761  0.07465874  0.02967001  4073
6.7000  -0.99485535  0.16772655  1.00889512  2.97456941  -0.92041526  0.19687299  0.07444010  0.02914645  4121
6.8000  -1.00319783  0.12915498  1.01147758  3.01355368  -0.92880833  0.15820510  0.07438950  0.02905012  4168
6.9000  -1.00929494  0.09019081  1.01331666  3.05246916  -0.93535729  0.11927750  0.07393765  0.02908669  4203
7.0000  -1.01313151  0.05090599  1.01440962  3.09138869  -0.93964678  0.08023268  0.07348473  0.02932669  4246
7.1000  -1.01468046  0.01137495  1.01474421  3.13038275  -0.94239306  0.04068275  0.07228739  0.02930780  4311
7.2000  -1.01389942  -0.02834633  1.01429559  -3.11364220  -0.94273250  0.00127452  0.07116691  0.02962085  4360
7.3000  -1.01077475  -0.06818205  1.01307175  -3.07423945  -0.94101326  -0.03837278  0.06976149  0.02980928  4407
7.4000  -1.00530707  -0.10803866  1.01109577  -3.03453522  -0.93715544  -0.07765794  0.06815163  0.03038073  4443
7.5000  -0.99751591  -0.14785032  1.00841346  -2.99444545  -0.93130684  -0.11673478  0.06620907  0.03111554  4485
7.6000  -0.98738472  -0.18749224  1.00502832  -2.95393907  -0.92354007  -0.15580138  0.06384465  0.03169086  4521
7.7000  -0.97494837  -0.22691233  1.00100626  -2.91292072  -0.91337600  -0.19467363  0.06157237  0.03223870  4566
7.8000  -0.96023459  -0.26598634  0.99639310  -2.87136670  -0.90061149  -0.23437275  0.05962311  0.03161360  4591
7.9000  -0.94323701  -0.30455550  0.99118621  -2.82927641  -0.88586590  -0.27340665  0.05737111  0.03114885  4648
8.0000  -0.92407072  -0.34253090  0.98551211  -2.78661821  -0.86900352  -0.31187685  0.05506720  0.03065405  4719
8.1000  -0.90277879  -0.37979654  0.97941562  -2.74337212  -0.84991221  -0.34985744  0.05286658  0.02993911  4759
8.2000  -0.87942066  -0.41620327  0.97293672  -2.69955693  -0.82933327  -0.38711121  0.05008740  0.02909206  4808
8.3000  -0.85408149  -0.45167028  0.96615798  -2.65514211  -0.80651555  -0.42354113  0.04756594  0.02812915  4840
8.4000  -0.82685755  -0.48607475  0.95914654  -2.61014900  -0.78177309  -0.45900347  0.04508447  0.02707129  4890
8.5000  -0.79786659  -0.51929056  0.95197362  -2.56462093  -0.75542244  -0.49359533  0.04244415  0.02569523  4931
8.6000  -0.76716517  -0.55121017  0.94465604  -2.51855647  -0.72727889  -0.52639812  0.03988627  0.02481205  4991
8.7000  -0.73493371  -0.58174173  0.93731051  -2.47202129  -0.69753868  -0.55770711  0.03739502  0.02403462  5033
8.8000  -0.70126564  -0.61078603  0.92996401  -2.42504589  -0.66656881  -0.58792356  0.03469683  0.02286247  5078
8.9000  -0.66628126  -0.63828374  0.92267917  -2.37765238  -0.63398368  -0.61659718  0.03229758  0.02168656  5132
9.0000  -0.63011422  -0.66414743  0.91549754  -2.32990508  -0.60010721  -0.64343765  0.03000701  0.02070978  5167
9.1000  -0.59289553  -0.68825024  0.90841263  -2.28190223  -0.56439207  -0.66895787  0.02850346  0.01929237  5226
9.2000  -0.55476687  -0.71048351  0.90141728  -2.23373848  -0.52801092  -0.69223507  0.02675595  0.01824844  5266
9.3000  -0.51591961  -0.73081351  0.89457332  -2.18550608  -0.49077309  -0.71438924  0.02514651  0.01642427  5337
9.4000  -0.47648762  -0.74921093  0.88789497  -2.13725667  -0.45263073  -0.73424965  0.02385690  0.01496128  5380
9.5000  -0.43661602  -0.76563326  0.88137837  -2.08906699  -0.41364511  -0.75168127  0.02297091  0.01395198  5426
9.6000  -0.39647217  -0.78003693  0.87501303  -2.04104088  -0.37385784  -0.76739205  0.02261433  0.01264488  5466
9.7000  -0.35616379  -0.79242900  0.86879017  -1.99319968  -0.33336503  -0.78027507  0.02279876  0.01215393  5503
9.8000  -0.31583182  -0.80278129  0.86267465  -1.94561918  -0.29157908  -0.79174916  0.02425274  0.01103213  5565
9.9000  -0.27558883  -0.81107880  0.85662012  -1.89833814  -0.25089316  -0.80095860  0.02469568  0.01012020  5616
10.0000  -0.23553437  -0.81740258  0.85066058  -1.85134622  -0.21038776  -0.80802407  0.02514661  0.00937851  5644
10.1000  -0.19573559  -0.82180569  0.84479407  -1.80461731  -0.16933209  -0.81313395  0.02640350  0.00867174  5693
10.2000  -0.15625065  -0.82437534  0.83905242  -1.75811256  -0.12809748  -0.81638769  0.02815317  0.00798765  5724
10.3000  -0.11716383  -0.82513666  0.83341339  -1.71184665  -0.08782221  -0.81716218  0.02934162  0.00797448  5745
10.4000  -0.07860112  -0.82420080  0.82794027  -1.66587526  -0.04805042  -0.81677870  0.03055070  0.00742210  5812
10.5000  -0.04052310  -0.82164378  0.82264246  -1.62007595  -0.00891965  -0.81484604  0.03160345  0.00679774  5834
10.6000  -0.00297960  -0.81760924  0.81761467  -1.57444060  0.03003067  -0.81123197  0.03301027  0.00637727  5886
10.7000  0.03400797  -0.81210276  0.81281451  -1.52894434  0.06917670  -0.80570861  0.03516872  0.00639415  5917
10.8000  0.07043030  -0.80518005  0.80825450  -1.48354691  0.10737716  -0.79870993  0.03694686  0.00647012  5960
10.9000  0.10628165  -0.79691501  0.80397097  -1.43821235  0.14479901  -0.79089220  0.03851736  0.00602281  6005
11.0000  0.14154136  -0.78737841  0.79999920  -1.39293314  0.18192327  -0.78167119  0.04038191  0.00570723  6021
11.1000  0.17622525  -0.77660688  0.79635017  -1.34765807  0.21851556  -0.77128985  0.04229031  0.00531703  6061
11.2000  0.21033503  -0.76471943  0.79311830  -1.30238490  0.25423489  -0.75933132  0.04389985  0.00538811  6084
11.3000  0.24385456  -0.75173967  0.79030220  -1.25711899  0.28925673  -0.74622621  0.04540217  0.00551345  6164
11.4000  0.27675102  -0.73772399  0.78792627  -1.21190145  0.32322794  -0.73185105  0.04647692  0.00587293  6203
11.5000  0.30900988  -0.72276645  0.78605245  -1.16677822  0.35563650  -0.71653524  0.04662662  0.00623121  6232
11.6000  0.34061897  -0.70688256  0.78466823  -1.12176513  0.38717360  -0.70020635  0.04655463  0.00667622  6293
11.7000  0.37158031  -0.69013430  0.78380947  -1.07688918  0.41767648  -0.68303078  0.04609617  0.00710352  6318
11.8000  0.40186107  -0.67251360  0.78343274  -1.03217963  0.44729153  -0.66551345  0.04543046  0.00700015  6350
11.9000  0.43144982  -0.65403475  0.78352435  -0.98765033  0.47649395  -0.64727523  0.04504413  0.00675952  6383
12.0000  0.46030704  -0.63466333  0.78401538  -0.94330625  0.50499600  -0.62782924  0.04468896  0.00683409  6418
12.1000  0.48837806  -0.61435506  0.78482181  -0.89914573  0.53269778  -0.60701766  0.04431972  0.00733740  6469
12.2000  0.51553097  -0.59312111  0.78585294  -0.85527024  0.55927284  -0.58537637  0.04374186  0.00774474  6496
12.3000  0.54172506  -0.57092769  0.78703523  -0.81163809  0.58508403  -0.56309475  0.04335897  0.00783294  6540
12.4000  0.56686407  -0.54774680  0.78826483  -0.76824832  0.60999131  -0.54014216  0.04312724  0.00760464  6592
12.5000  0.59086918  -0.52357175  0.78946422  -0.72508469  0.63366119  -0.51662674  0.04279201  0.00694501  6627
12.6000  0.61367019  -0.49839003  0.79055912  -0.68210352  0.65659056  -0.49182413  0.04292037  0.00656590  6669
12.7000  0.63516922  -0.47217830  0.79144948  -0.63925712  0.67823318  -0.46555910  0.04306396  0.00661919  6694
12.8000  0.65520553  -0.44493794  0.79200003  -0.59654830  0.69847637  -0.43892906  0.04327084  0.00600887  6741
12.9000  0.67370687  -0.41668983  0.79215614  -0.55391379  0.71726230  -0.41106002  0.04355544  0.00562981  6769
13.0000  0.69055957  -0.38746585  0.79183478  -0.51131748  0.73421181  -0.38211151  0.04365223  0.00535434  6808
13.1000  0.70561510  -0.35732910  0.79093410  -0.46876083  0.74920710  -0.35166720  0.04359201  0.00566190  6831
13.2000  0.71876622  -0.32635893  0.78938902  -0.42622040  0.76269372  -0.32096957  0.04392750  0.00538936  6864
13.3000  0.72990399  -0.29458565  0.78710897  -0.38360172  0.77413848  -0.28916751  0.04423449  0.00541814  6878
13.4000  0.73891601  -0.26206169  0.78401097  -0.34081750  0.78386655  -0.25698769  0.04495054  0.00507400  6907
13.5000  0.74572006  -0.22884603  0.78004417  -0.29775605  0.79174844  -0.22396293  0.04602838  0.00488311  6913
13.6000  0.75025231  -0.19504191  0.77519022  -0.25433849  0.79641967  -0.19075838  0.04616736  0.00428354  6929
13.7000  0.75242890  -0.16078701  0.76941648  -0.21052431  0.79892783  -0.15668604  0.04649893  0.00410096  6966
13.8000  0.75226864  -0.12616610  0.76277519  -0.16616768  0.79909230  -0.12313920  0.04682365  0.00302690  6988
13.9000  0.74972378  -0.09130452  0.75526304  -0.12118744  0.79672277  -0.08874130  0.04699899  0.00256322  7009
14.0000  0.74481152  -0.05628729  0.74693538  -0.07542915  0.79189570  -0.05458269  0.04708418  0.00170460  7022
14.1000  0.73754990  -0.02127186  0.73785659  -0.02883326  0.78474980  -0.02031993  0.04719990  0.00095193  7046
14.2000  0.72793072  0.01364073  0.72805851  0.01873686  0.77594954  0.01446263  0.04801882  0.00082190  7079
14.3000  0.71596407  0.04834512  0.71759446  0.06742216  0.76438994  0.04931392  0.04842587  0.00096880  7110
14.4000  0.70170605  0.08269025  0.70656143  0.11730075  0.75062269  0.08386489  0.04891664  0.00117464  7154
14.5000  0.68523927  0.11657458  0.69508452  0.16850916  0.73518914  0.11842980  0.04994987  0.00185522  7169
14.6000  0.66663713  0.14989497  0.68328147  0.22117397  0.71689754  0.15165503  0.05026041  0.00176006  7185
14.7000  0.64603094  0.18251954  0.67131912  0.27534809  0.69614385  0.18492578  0.05011291  0.00240625  7198
14.8000  0.62352668  0.21429482  0.65932374  0.33103515  0.67431928  0.21652415  0.05079260  0.00222933  7228
14.9000  0.59931116  0.24520005  0.64753142  0.38835775  0.65073320  0.24725118  0.05142204  0.00205113  7260
15.0000  0.57354518  0.27510942  0.63611262  0.44724748  0.62566892  0.27682968  0.05212374  0.00172026  7242
15.1000  0.54639744  0.30397052  0.62525854  0.50768064  0.59978725  0.30577153  0.05338981  0.00180101  7282
15.2000  0.51799015  0.33175548  0.61512234  0.56964426  0.57227271  0.33354169  0.05428256  0.00178622  7300
15.3000  0.48848876  0.35838302  0.60585449  0.63295904  0.54396501  0.35997976  0.05547625  0.00159674  7303
15.4000  0.45805681  0.38380693  0.59759836  0.69742875  0.51431565  0.38524311  0.05625884  0.00143618  7324
15.5000  0.42684944  0.40795516  0.59044717  0.76276886  0.48380701  0.40925908  0.05695757  0.00130391  7363
15.6000  0.39504335  0.43077465  0.58448784  0.82863896  0.45214137  0.43186162  0.05709802  0.00108697  7392
15.7000  0.36279417  0.45222548  0.57976503  0.89468995  0.42035155  0.45315825  0.05755738  0.00093277  7396
15.8000  0.33026460  0.47229177  0.57631087  0.96055316  0.38895982  0.47310180  0.05869521  0.00081003  7398
15.9000  0.29757809  0.49095974  0.57410294  1.02589260  0.35683884  0.49156949  0.05926076  0.00060974  7420
16.0000  0.26487113  0.50817922  0.57306443  1.09032035  0.32519569  0.50850188  0.06032456  0.00032266  7455
16.1000  0.23228107  0.52393385  0.57311533  1.15349427  0.29367276  0.52454632  0.06139169  0.00061246  7463
16.2000  0.19993290  0.53824733  0.57418059  1.21514009  0.26198842  0.53916972  0.06205552  0.00092239  7481
16.3000  0.16795131  0.55106560  0.57609109  1.27496410  0.23038487  0.55269813  0.06243356  0.00163253  7496
16.4000  0.13640319  0.56242045  0.57872497  1.33286159  0.19926092  0.56389220  0.06285773  0.00147175  7500
16.5000  0.10545139  0.57230842  0.58194237  1.38858382  0.16908041  0.57343441  0.06362903  0.00112599  7516
16.6000  0.07520668  0.58071042  0.58556010  1.44200512  0.13873579  0.58216779  0.06352912  0.00145737  7504
16.7000  0.04567303  0.58759484  0.58936722  1.49322352  0.10957043  0.58926283  0.06389740  0.00166799  7530
16.8000  0.01697519  0.59297864  0.59322157  1.54217715  0.08153827  0.59444445  0.06456307  0.00146580  7529
16.9000  -0.01081719  0.59687466  0.59697268  1.58891740  0.05480368  0.59810706  0.06562087  0.00123240  7526
17.0000  -0.03769965  0.59932726  0.60051180  1.63361684  0.02862531  0.60067691  0.06632496  0.00134966  7537
17.1000  -0.06363316  0.60030541  0.60366859  1.67640327  0.00384559  0.60173316  0.06747875  0.00142775  7526
17.2000  -0.08860565  0.59986373  0.60637237  1.71744555  -0.02058455  0.60118135  0.06802109  0.00131762  7552
17.3000  -0.11256737  0.59796790  0.60847106  1.75686857  -0.04408845  0.59925789  0.06847892  0.00128999  7559
17.4000  -0.13553770  0.59465714  0.60990785  1.79489384  -0.06662771  0.59582493  0.06890999  0.00116778  7556
17.5000  -0.15749887  0.58997514  0.61063619  1.83167114  -0.08807083  0.59090144  0.06942804  0.00092630  7572
17.6000  -0.17846675  0.58398442  0.61064571  1.86738452  -0.10844804  0.58582099  0.07001871  0.00183657  7576
17.7000  -0.19853101  0.57670310  0.60991887  1.90234100  -0.12792948  0.57889432  0.07060153  0.00219122  7568
17.8000  -0.21765063  0.56818349  0.60844414  1.93661798  -0.14686633  0.57096683  0.07078430  0.00278334  7578
17.9000  -0.23589201  0.55845705  0.60623371  1.97046232  -0.16568959  0.56160222  0.07020242  0.00314517  7564
18.0000  -0.25325005  0.54754427  0.60327467  2.00401279  -0.18315282  0.55121174  0.07009724  0.00366747  7577
18.1000  -0.26981232  0.53551199  0.59964304  2.03751116  -0.19969168  0.53919474  0.07012064  0.00368275  7590
18.2000  -0.28558217  0.52244071  0.59540026  2.07104912  -0.21546153  0.52701104  0.07012064  0.00457033  7591
18.3000  -0.30068913  0.50841387  0.59067641  2.10488748  -0.23056849  0.51385496  0.07012064  0.00544109  7625
18.4000  -0.31514977  0.49349719  0.58554150  2.13911925  -0.24565048  0.49993942  0.06949929  0.00644223  7602
18.5000  -0.32899028  0.47776159  0.58007822  2.17383542  -0.26018497  0.48514435  0.06880531  0.00738276  7604
18.6000  -0.34225220  0.46126116  0.57436784  2.20915274  -0.27342058  0.46938143  0.06883162  0.00812028  7618
18.7000  -0.35497787  0.44412635  0.56855738  2.24509337  -0.28618382  0.45282774  0.06879405  0.00870139  7618
18.8000  -0.36718539  0.42642471  0.56272830  2.28168729  -0.29824362  0.43541973  0.06894177  0.00899502  7646
18.9000  -0.37888954  0.40820873  0.55694851  2.31896198  -0.30992697  0.41740047  0.06896256  0.00919175  7624
19.0000  -0.39007687  0.38957849  0.55129971  2.35683373  -0.32100503  0.39899247  0.06907185  0.00941398  7633
19.1000  -0.40078635  0.37058681  0.54586104  2.39532488  -0.33178203  0.38009910  0.06900432  0.00951229  7650
19.2000  -0.41104285  0.35127280  0.54069290  2.43444032  -0.34201097  0.36103629  0.06903188  0.00976348  7663
19.3000  -0.42084413  0.33168188  0.53583827  2.47412861  -0.35238757  0.34176145  0.06845656  0.01007956  7648
19.4000  -0.43016452  0.31185384  0.53131377  2.51430799  -0.36182565  0.32197293  0.06833887  0.01011909  7659
19.5000  -0.43896513  0.29181058  0.52710891  2.55490471  -0.37062133  0.30179639  0.06834380  0.00998582  7659
19.6000  -0.44715374  0.27159796  0.52317484  2.59575501  -0.37923831  0.28151537  0.06791543  0.00991741  7676
19.7000  -0.45472116  0.25125435  0.51951909  2.63679686  -0.38611003  0.26110070  0.06861113  0.00984635  7683
19.8000  -0.46157350  0.23087282  0.51609336  2.67779588  -0.39297374  0.24004081  0.06859976  0.00916799  7692
19.9000  -0.46761331  0.21045597  0.51279033  2.71868541  -0.39839438  0.21968956  0.06921893  0.00923359  7688
20.0000  -0.47275081  0.19003607  0.50951647  2.75938108  -0.40327500  0.19945931  0.06947581  0.00942324  7720
20.1000  -0.47697908  0.16960401  0.50623568  2.79995587  -0.40717840  0.17904248  0.06980068  0.00943848  7699
20.2000  -0.48015720  0.14920094  0.50280400  2.84031791  -0.41017676  0.15868119  0.06998044  0.00948024  7702
20.3000  -0.48219434  0.12879857  0.49909964  2.88057710  -0.41218411  0.13823386  0.07001023  0.00943529  7700
20.4000  -0.48304676  0.10840005  0.49506035  2.92084078  -0.41333211  0.11802063  0.06971465  0.00962058  7693
20.5000  -0.48266316  0.08798212  0.49061652  2.96128759  -0.41277388  0.09709562  0.06988927  0.00911350  7726
20.6000  -0.48090616  0.06759542  0.48563348  3.00194904  -0.41093943  0.07634729  0.06996673  0.00875186  7714
20.7000  -0.47770094  0.04724855  0.48003189  3.04300509  -0.40772122  0.05554776  0.06997972  0.00829921  7717
20.8000  -0.47303117  0.02694913  0.47379821  3.08468302  -0.40293602  0.03532157  0.07009515  0.00837244  7709
20.9000  -0.46687100  0.00670935  0.46691921  3.12722275  -0.39694543  0.01528827  0.06992558  0.00857891  7720
21.0000  -0.45922755  -0.01340510  0.45942316  -3.11241040  -0.38921823  -0.00484181  0.07000932  0.00856329  7711
21.1000  -0.45003019  -0.03336986  0.45126568  -3.06757784  -0.38098275  -0.02588603  0.06904743  0.00748383  7706
21.2000  -0.43930418  -0.05321297  0.44251529  -3.02104980  -0.37028068  -0.04545266  0.06902350  0.00776031  7741
21.3000  -0.42714676  -0.07282146  0.43330973  -2.97273265  -0.35810393  -0.06499166  0.06904283  0.00782980  7725
21.4000  -0.41359960  -0.09216201  0.42374339  -2.92234549  -0.34455326  -0.08412464  0.06904634  0.00803738  7718
21.5000  -0.39872608  -0.11118665  0.41393835  -2.86964627  -0.32958398  -0.10345463  0.06914209  0.00773202  7725
21.6000  -0.38258396  -0.12978881  0.40399953  -2.81453315  -0.31371068  -0.12223923  0.06887327  0.00754958  7719
21.7000  -0.36527816  -0.14792967  0.39409557  -2.75680216  -0.29648245  -0.14038007  0.06879571  0.00754960  7710
21.8000  -0.34694597  -0.16555219  0.38442038  -2.69637532  -0.27817614  -0.15788727  0.06876983  0.00766492  7696
21.9000  -0.32770702  -0.18256455  0.37512892  -2.63331712  -0.25954211  -0.17475280  0.06816491  0.00781176  7710
22.0000  -0.30772182  -0.19891011  0.36641227  -2.56775527  -0.23957779  -0.19176565  0.06814403  0.00714446  7673
22.1000  -0.28713203  -0.21446922  0.35838785  -2.50005545  -0.21897357  -0.20768779  0.06815846  0.00678143  7668
22.2000  -0.26608700  -0.22913661  0.35114936  -2.43067004  -0.19841046  -0.22269537  0.06767654  0.00644124  7694
22.3000  -0.24472049  -0.24287195  0.34478241  -2.35998563  -0.17736315  -0.23706171  0.06735735  0.00581025  7683
22.4000  -0.22325119  -0.25558329  0.33935809  -2.28877432  -0.15565761  -0.25046458  0.06759357  0.00511871  7702
22.5000  -0.20180553  -0.26714646  0.33480248  -2.21775187  -0.13451609  -0.26282238  0.06728944  0.00432407  7751
22.6000  -0.18054411  -0.27751183  0.33107249  -2.14758035  -0.11430219  -0.27340181  0.06624192  0.00411002  7763
22.7000  -0.15964323  -0.28666784  0.32812256  -2.07891604  -0.09357061  -0.28332160  0.06607263  0.00334624  7768
22.8000  -0.13923401  -0.29446960  0.32572758  -2.01247251  -0.07331321  -0.29197092  0.06592080  0.00249868  7780
22.9000  -0.11943528  -0.30090991  0.32374613  -1.94863931  -0.05356418  -0.29864780  0.06587110  0.00226211  7770
23.0000  -0.10044104  -0.30592416  0.32199067  -1.88802816  -0.03466405  -0.30382972  0.06577699  0.00209443  7787
23.1000  -0.08234150  -0.30954727  0.32031178  -1.83078201  -0.01643699  -0.30778746  0.06590450  0.00175981  7769
23.2000  -0.06522991  -0.31173617  0.31848764  -1.77706738  0.00055710  -0.31039491  0.06578701  0.00134125  7760
23.3000  -0.04919174  -0.31251836  0.31636617  -1.72691967  0.01635284  -0.31119417  0.06554458  0.00132419  7765
23.4000  -0.03430864  -0.31188556  0.31376692  -1.68035974  0.03144427  -0.31089629  0.06575291  0.00098926  7759
23.5000  -0.02062403  -0.30984459  0.31053023  -1.63726078  0.04490626  -0.30924769  0.06553029  0.00059690  7752
23.6000  -0.00816488  -0.30645017  0.30655892  -1.59743343  0.05772961  -0.30585350  0.06589448  0.00059667  7761
23.7000  0.00300647  -0.30174474  0.30175972  -1.56083303  0.06907915  -0.30082234  0.06607268  0.00092241  7748
23.8000  0.01288255  -0.29582101  0.29610138  -1.52727535  0.07897915  -0.29484784  0.06609659  0.00097317  7769
23.9000  0.02151576  -0.28874168  0.28954220  -1.49641820  0.08744565  -0.28778018  0.06592989  0.00096150  7775
24.0000  0.02890090  -0.28059403  0.28207848  -1.46815927  0.09467627  -0.28012279  0.06577537  0.00047124  7773
24.1000  0.03508899  -0.27148877  0.27374694  -1.44226230  0.10053456  -0.27090253  0.06544556  0.00058624  7782
24.2000  0.04014091  -0.26149817  0.26456112  -1.41848163  0.10576446  -0.26100058  0.06562355  0.00049759  7766
24.3000  0.04410272  -0.25070210  0.25455175  -1.39666122  0.10984026  -0.25112583  0.06573755  -0.00042373  7768
24.4000  0.04707407  -0.23923052  0.24381798  -1.37650570  0.11269965  -0.23969979  0.06562558  -0.00046927  7772
24.5000  0.04908429  -0.22715350  0.23239617  -1.35798407  0.11463720  -0.22814636  0.06555291  -0.00099286  7767
24.6000  0.05024926  -0.21454765  0.22035354  -1.34073289  0.11550319  -0.21626412  0.06525393  -0.00171647  7757
24.7000  0.05067626  -0.20151947  0.20779360  -1.32443386  0.11553223  -0.20334175  0.06485597  -0.00182228  7772
24.8000  0.05044107  -0.18814732  0.19479147  -1.30886234  0.11548128  -0.18998494  0.06504022  -0.00183762  7787
24.9000  0.04959681  -0.17451414  0.18142500  -1.29389781  0.11485286  -0.17635176  0.06525605  -0.00183762  7794
25.0000  0.04825507  -0.16071608  0.16780408  -1.27910982  0.11345659  -0.16254039  0.06520152  -0.00182431  7766
25.1000  0.04649603  -0.14682283  0.15400917  -1.26410680  0.11217694  -0.14812955  0.06568091  -0.00130672  7766
25.2000  0.04436267  -0.13285771  0.14006862  -1.24852582  0.11068342  -0.13417052  0.06632074  -0.00131281  7753
25.3000  0.04192469  -0.11882079  0.12600024  -1.23159394  0.11021750  -0.12049428  0.06829281  -0.00167349  7750
25.4000  0.03924916  -0.10474954  0.11186135  -1.21229282  0.10929651  -0.10640214  0.07004735  -0.00165260  7766
25.5000  0.03635252  -0.09067609  0.09769166  -1.18950985  0.10834774  -0.09244317  0.07199522  -0.00176708  7775
25.6000  0.03326664  -0.07662463  0.08353445  -1.16120048  0.10766345  -0.07833948  0.07439681  -0.00171485  7759
25.7000  0.03002018  -0.06262178  0.06944565  -1.12377313  0.10705133  -0.06436244  0.07703114  -0.00174067  7738
25.8000  0.02661227  -0.04866526  0.05546639  -1.07037995  0.10467940  -0.05050465  0.07806713  -0.00183938  7755
25.9000  0.02302532  -0.03484053  0.04176156  -0.98681243  0.10203467  -0.03709641  0.07900936  -0.00225588  7760
26.0000  0.01926786  -0.02118775  0.02863863  -0.83281936  0.09948967  -0.02390845  0.08022181  -0.00272070  7761
26.1000  0.01531445  -0.00769591  0.01713941  -0.46566657  0.09679712  -0.01038238  0.08148268  -0.00268647  7766
26.2000  0.01117902  0.00560677  0.01250626  0.46488170  0.09348517  0.00291171  0.08230615  -0.00269505  7751
26.3000  0.00681852  0.01870324  0.01990737  1.22120677  0.09056980  0.01626778  0.08375128  -0.00243545  7759
26.4000  0.00218231  0.03158892  0.03166422  1.50182115  0.08714103  0.02922213  0.08495872  -0.00236679  7765
26.5000  -0.00270730  0.04423037  0.04431315  1.63192910  0.08281510  0.04175735  0.08552240  -0.00247302  7783
26.6000  -0.00789965  0.05657544  0.05712429  1.70952967  0.07796715  0.05405697  0.08586679  -0.00251847  7760
26.7000  -0.01343431  0.06859601  0.06989916  1.76419523  0.07285106  0.06592911  0.08628536  -0.00266690  7783
26.8000  -0.01932463  0.08023031  0.08252481  1.80715858  0.06785358  0.07754960  0.08717822  -0.00268071  7796
26.9000  -0.02557884  0.09148213  0.09499083  1.84343853  0.06210994  0.08853003  0.08768878  -0.00295210  7797
27.0000  -0.03221323  0.10228947  0.10724191  1.87588647  0.05629726  0.09934638  0.08851049  -0.00294309  7798
27.1000  -0.03926047  0.11266683  0.11931135  1.90610318  0.05054005  0.10943535  0.08980052  -0.00323148  7800
27.2000  -0.04670217  0.12254873  0.13114604  1.93489599  0.04420096  0.11908997  0.09090313  -0.00345876  7824
27.3000  -0.05457275  0.13188646  0.14273130  1.96313023  0.03685373  0.12841465  0.09142648  -0.00347182  7815
27.4000  -0.06287528  0.14063654  0.15405173  1.99121637  0.02913716  0.13706767  0.09201245  -0.00356886  7799
27.5000  -0.07164460  0.14874518  0.16510020  2.01966456  0.02035005  0.14526834  0.09199464  -0.00347683  7791
27.6000  -0.08086453  0.15613635  0.17583411  2.04866881  0.01155609  0.15250245  0.09242062  -0.00363391  7769
27.7000  -0.09053607  0.16277637  0.18626037  2.07838647  0.00157746  0.15953488  0.09211353  -0.00324149  7768
27.8000  -0.10067147  0.16860562  0.19637362  2.10906788  -0.00826658  0.16542593  0.09240489  -0.00317968  7771
27.9000  -0.11125317  0.17358463  0.20617684  2.14075908  -0.01803658  0.17117525  0.09321658  -0.00240938  7763
28.0000  -0.12230442  0.17769225  0.21571487  2.17362231  -0.02796922  0.17514649  0.09433520  -0.00254576  7754
28.1000  -0.13376350  0.18089812  0.22498179  2.20750540  -0.03875552  0.17838202  0.09500798  -0.00251610  7745
28.2000  -0.14560359  0.18312568  0.23395603  2.24254353  -0.05050956  0.18072429  0.09509403  -0.00240139  7725
28.3000  -0.15781226  0.18430463  0.24263740  2.27891209  -0.06256744  0.18214115  0.09524482  -0.00216348  7782
28.4000  -0.17034114  0.18445867  0.25107988  2.31642535  -0.07497250  0.18236023  0.09536864  -0.00209844  7769
28.5000  -0.18312054  0.18349707  0.25923793  2.35516746  -0.08712956  0.18139863  0.09599099  -0.00209844  7764
28.6000  -0.19606926  0.18148020  0.26716702  2.39481673  -0.09977539  0.17951608  0.09629387  -0.00196412  7745
28.7000  -0.20911875  0.17836650  0.27485498  2.43539215  -0.11201972  0.17640238  0.09709903  -0.00196412  7744
28.8000  -0.22221219  0.17418895  0.28234738  2.47675505  -0.12533068  0.17244611  0.09688150  -0.00174284  7724
28.9000  -0.23524855  0.16891422  0.28960990  2.51887186  -0.13828707  0.16711946  0.09696148  -0.00179477  7728
29.0000  -0.24814728  0.16256889  0.29665758  2.56161908  -0.15086379  0.16077412  0.09728349  -0.00179477  7742
29.1000  -0.26081985  0.15519756  0.30350169  2.60483012  -0.16316631  0.15312876  0.09765354  -0.00206880  7739
29.2000  -0.27315645  0.14679229  0.31010067  2.64848024  -0.17548325  0.14495991  0.09767320  -0.00183238  7743
29.3000  -0.28507460  0.13740272  0.31646016  2.69245767  -0.18717138  0.13598847  0.09790321  -0.00141425  7764
29.4000  -0.29647941  0.12704125  0.32255157  2.73676171  -0.19863116  0.12599802  0.09784824  -0.00104323  7752
29.5000  -0.30724164  0.11571197  0.32830883  2.78140640  -0.20971573  0.11521875  0.09752591  -0.00049321  7747
29.6000  -0.31725657  0.10346909  0.33370283  2.82633278  -0.21996538  0.10347476  0.09729119  0.00000567  7774
29.7000  -0.32640445  0.09038258  0.33868699  2.87145752  -0.22905708  0.09054097  0.09734737  0.00015839  7767
29.8000  -0.33460696  0.07653306  0.34324791  2.91673531  -0.23728629  0.07727542  0.09732067  0.00074236  7797
29.9000  -0.34175125  0.06193323  0.34731778  2.96231522  -0.24440029  0.06325065  0.09735095  0.00131742  7794
30.0000  -0.34769717  0.04668955  0.35081795  3.00810891  -0.25045997  0.04830572  0.09723720  0.00161617  7784
30.1000  -0.35238370  0.03084446  0.35373105  3.05428427  -0.25465282  0.03281154  0.09773088  0.00196708  7780
30.2000  -0.35569727  0.01450370  0.35599285  3.10083983  -0.25635468  0.01644101  0.09934259  0.00193731  7765
30.3000  -0.35754320  -0.00224523  0.35755025  -3.13531313  -0.25769109  -0.00018760  0.09985211  0.00205763  7795
30.4000  -0.35787132  -0.01937298  0.35839531  -3.08751151  -0.25911478  -0.01785043  0.09875655  0.00152255  7796
30.5000  -0.35658541  -0.03690807  0.35849039  -3.03845577  -0.25811040  -0.03554297  0.09847501  0.00136510  7802
30.6000  -0.35363234  -0.05475529  0.35784630  -2.98797575  -0.25603449  -0.05348292  0.09759785  0.00127237  7793
30.7000  -0.34900445  -0.07287878  0.35653249  -2.93573179  -0.25166769  -0.07122528  0.09733675  0.00165350  7801
30.8000  -0.34270538  -0.09117862  0.35462730  -2.88156102  -0.24682209  -0.08926899  0.09588329  0.00190963  7802
30.9000  -0.33476970  -0.10967967  0.35227884  -2.82498635  -0.23943302  -0.10738967  0.09533667  0.00228999  7811
31.0000  -0.32520854  -0.12827735  0.34959359  -2.76588299  -0.23048999  -0.12537525  0.09471856  0.00290209  7802
31.1000  -0.31406414  -0.14691124  0.34672640  -2.70405604  -0.22013264  -0.14393109  0.09393151  0.00298016  7783
31.2000  -0.30138207  -0.16553558  0.34385052  -2.63932166  -0.20822891  -0.16256761  0.09315316  0.00296797  7799
31.3000  -0.28726076  -0.18407382  0.34117724  -2.57171923  -0.19474959  -0.18103914  0.09251117  0.00303468  7785
31.4000  -0.27181388  -0.20247332  0.33893691  -2.50136554  -0.18029543  -0.19900768  0.09151846  0.00346564  7800
31.5000  -0.25515025  -0.22069203  0.33735237  -2.42848353  -0.16477087  -0.21723055  0.09037939  0.00346148  7798
31.6000  -0.23737858  -0.23866378  0.33661401  -2.35349474  -0.14776721  -0.23533211  0.08961137  0.00333167  7783
31.7000  -0.21861385  -0.25626501  0.33684384  -2.27707419  -0.12925359  -0.25278577  0.08936026  0.00347924  7783
31.8000  -0.19902201  -0.27337766  0.33814954  -2.20007547  -0.10967411  -0.26927061  0.08934790  0.00410706  7791
31.9000  -0.17879161  -0.28992503  0.34062144  -2.12339193  -0.08990011  -0.28557538  0.08889150  0.00434966  7789
32.0000  -0.15809941  -0.30586151  0.34430609  -2.04787129  -0.06964168  -0.30094667  0.08845773  0.00491484  7789
32.1000  -0.13707783  -0.32115947  0.34919011  -1.97420895  -0.04902565  -0.31562236  0.08805218  0.00553711  7809
32.2000  -0.11591769  -0.33571000  0.35515928  -1.90327003  -0.02830827  -0.32991669  0.08760942  0.00579331  7816
32.3000  -0.09476378  -0.34944068  0.36206210  -1.83561421  -0.00739496  -0.34371416  0.08736882  0.00572653  7812
32.4000  -0.07375427  -0.36228893  0.36972012  -1.77163045  0.01331725  -0.35620188  0.08707151  0.00608705  7797
32.5000  -0.05306567  -0.37413393  0.37787850  -1.71169253  0.03373974  -0.36851703  0.08680540  0.00561690  7788
32.6000  -0.03278673  -0.38491053  0.38630439  -1.65577133  0.05317248  -0.37914105  0.08595921  0.00576948  7765
32.7000  -0.01306479  -0.39459626  0.39481249  -1.60389350  0.07239326  -0.38914501  0.08545805  0.00545125  7772
32.8000  0.00602852  -0.40309647  0.40314154  -1.55584192  0.09099560  -0.39794060  0.08496708  0.00515587  7762
32.9000  0.02438977  -0.41036486  0.41108901  -1.51143182  0.10902064  -0.40484655  0.08463088  0.00551830  7798
33.0000  0.04196967  -0.41630616  0.41841639  -1.47032137  0.12659364  -0.41112765  0.08462397  0.00517851  7794
33.1000  0.05873988  -0.42089092  0.42497004  -1.43213115  0.14336832  -0.41591727  0.08462844  0.00497365  7791
33.2000  0.07469217  -0.42406810  0.43059572  -1.39645204  0.15908018  -0.41907839  0.08438801  0.00498971  7784
33.3000  0.08982795  -0.42584763  0.43521864  -1.36290479  0.17422689  -0.42109595  0.08439894  0.00475169  7794
33.4000  0.10417085  -0.42620075  0.43874668  -1.33107881  0.18844988  -0.42130864  0.08427903  0.00489212  7771
33.5000  0.11773950  -0.42511853  0.44112170  -1.30061173  0.20177743  -0.42016531  0.08403793  0.00495322  7764
33.6000  0.13055825  -0.42257726  0.44228610  -1.27114240  0.21467507  -0.41769551  0.08411683  0.00488175  7779
33.7000  0.14272433  -0.41858936  0.44225252  -1.24219305  0.22669166  -0.41373845  0.08396733  0.00485091  7781
33.8000  0.15433573  -0.41313359  0.44102027  -1.21327693  0.23853235  -0.40837534  0.08419662  0.00475824  7797
33.9000  0.16545948  -0.40621466  0.43861965  -1.18399532  0.24965610  -0.40159250  0.08419662  0.00462216  7790
34.0000  0.17621029  -0.39786280  0.43513777  -1.15386904  0.26038453  -0.39324642  0.08417424  0.00461639  7796
34.1000  0.18669989  -0.38813354  0.43070233  -1.12244791  0.27087213  -0.38377441  0.08417224  0.00435913  7785
34.2000  0.19699604  -0.37703607  0.42539821  -1.08932223  0.28107691  -0.37266996  0.08408087  0.00436611  7810
34.3000  0.20720758  -0.36461816  0.41938215  -1.05402206  0.29128845  -0.36043064  0.08408087  0.00418752  7800
34.4000  0.21741554  -0.35092170  0.41281419  -1.01612161  0.30159184  -0.34680075  0.08417630  0.00412095  7797
34.5000  0.22769161  -0.33603889  0.40591330  -0.97527966  0.31207615  -0.33259038  0.08438454  0.00344851  7805
34.6000  0.23813420  -0.32000596  0.39888809  -0.93104619  0.32252867  -0.31657994  0.08439447  0.00342602  7785
34.7000  0.24875298  -0.30287818  0.39193524  -0.88320355  0.33323738  -0.29959662  0.08448440  0.00328155  7798
34.8000  0.25957525  -0.28473424  0.38529585  -0.83158713  0.34444139  -0.28162380  0.08486614  0.00311043  7787
34.9000  0.27062128  -0.26561462  0.37919256  -0.77606176  0.35548521  -0.26253398  0.08486393  0.00308064  7774
35.0000  0.28190502  -0.24558075  0.37387210  -0.71664368  0.36711425  -0.24321273  0.08520923  0.00236803  7764
35.1000  0.29342497  -0.22468123  0.36956714  -0.65348594  0.37866763  -0.22223247  0.08524265  0.00244877  7797
35.2000  0.30508212  -0.20302234  0.36646033  -0.58717220  0.39034600  -0.19989235  0.08526388  0.00313000  7809
35.3000  0.31682326  -0.18066995  0.36471716  -0.51826074  0.40201280  -0.17754758  0.08518954  0.00312237  7805
35.4000  0.32860781  -0.15770083  0.36448957  -0.44744349  0.41384411  -0.15487073  0.08523630  0.00283009  7800
35.5000  0.34034957  -0.13412388  0.36582379  -0.37538978  0.42549730  -0.13108618  0.08514773  0.00303770  7797
35.6000  0.35192700  -0.10998317  0.36871251  -0.30290034  0.43727121  -0.10699401  0.08534421  0.00298915  7822
35.7000  0.36323051  -0.08535360  0.37312416  -0.23079742  0.44842038  -0.08255918  0.08518988  0.00279441  7808
35.8000  0.37414570  -0.06029059  0.37897224  -0.15976857  0.45929187  -0.05718114  0.08514617  0.00310945  7817
35.9000  0.38450104  -0.03482908  0.38607527  -0.09033600  0.46948296  -0.03135356  0.08498192  0.00347552  7788
36.0000  0.39416271  -0.00903202  0.39426618  -0.02291043  0.47856718  -0.00555650  0.08440446  0.00347552  7806
36.1000  0.40299333  0.01702520  0.40335280  0.04222175  0.48736947  0.02030675  0.08437614  0.00328155  7799
36.2000  0.41086274  0.04331884  0.41314006  0.10504576  0.49495882  0.04665767  0.08409608  0.00333883  7799
36.3000  0.41761993  0.06982506  0.42341699  0.16566524  0.50173321  0.07269275  0.08411327  0.00286769  7804
36.4000  0.42311825  0.09649856  0.43398275  0.22423004  0.50697821  0.10000221  0.08385995  0.00350366  7799
36.5000  0.42720940  0.12327837  0.44464079  0.28093472  0.51104965  0.12671945  0.08384025  0.00344109  7821
36.6000  0.42983161  0.15015859  0.45530519  0.33608925  0.51360721  0.15395294  0.08377560  0.00379435  7786
36.7000  0.43087174  0.17709464  0.46584651  0.38996563  0.51498966  0.18104004  0.08411792  0.00394540  7805
36.8000  0.43023711  0.20405393  0.47617431  0.44286275  0.51465203  0.20843168  0.08441493  0.00437775  7823
36.9000  0.42784857  0.23101994  0.48623514  0.49510017  0.51276056  0.23528012  0.08491199  0.00426018  7810
37.0000  0.42367994  0.25792993  0.49601667  0.54685392  0.50877489  0.26293972  0.08509495  0.00500979  7826
37.1000  0.41761204  0.28471476  0.50543280  0.59838503  0.50322081  0.28995798  0.08560878  0.00524322  7830
37.2000  0.40970513  0.31134206  0.51457961  0.64981809  0.49581912  0.31635332  0.08611399  0.00501126  7810
37.3000  0.39995307  0.33778085  0.52350584  0.70132225  0.48655166  0.34310152  0.08659860  0.00532067  7839
37.4000  0.38832621  0.36394157  0.53221303  0.75299467  0.47533812  0.36967734  0.08701191  0.00573577  7818
37.5000  0.37481744  0.38977618  0.54075279  0.80495996  0.46224836  0.39641303  0.08743092  0.00663686  7809
37.6000  0.35944092  0.41517926  0.54915534  0.85723008  0.44724733  0.42226966  0.08780642  0.00709040  7814
37.7000  0.34227726  0.44007859  0.55751492  0.90976177  0.43053887  0.44795289  0.08826161  0.00787430  7819
37.8000  0.32339243  0.46436842  0.56588046  0.96248147  0.41230145  0.47242159  0.08890902  0.00805317  7839
37.9000  0.30288235  0.48800829  0.57436035  1.01533121  0.39204783  0.49601048  0.08916548  0.00800219  7811
38.0000  0.28082723  0.51094840  0.58303705  1.06824526  0.37059308  0.51932134  0.08976586  0.00837294  7801
38.1000  0.25726589  0.53313537  0.59196205  1.12120376  0.34718355  0.54153007  0.08991766  0.00839470  7813
38.2000  0.23231857  0.55444011  0.60114537  1.17400617  0.32228652  0.56283481  0.08996795  0.00839470  7819
38.3000  0.20609598  0.57476533  0.61059867  1.22650359  0.29675838  0.58361174  0.09066240  0.00884641  7807
38.4000  0.17867126  0.59410918  0.62039434  1.27866253  0.26955365  0.60301001  0.09088239  0.00890083  7825
38.5000  0.15015028  0.61232810  0.63046872  1.33032894  0.24070621  0.62093220  0.09055593  0.00860411  7856
38.6000  0.12064455  0.62934883  0.64080813  1.38139660  0.21125172  0.63744684  0.09060717  0.00809801  7825
38.7000  0.09026214  0.64511106  0.65139507  1.43178159  0.18098516  0.65322023  0.09072302  0.00810918  7822
38.8000  0.05906545  0.65956132  0.66220077  1.48148194  0.15002242  0.66824970  0.09095697  0.00868838  7839
38.9000  0.02715127  0.67263246  0.67318022  1.53045254  0.11790458  0.68142743  0.09075331  0.00879497  7810
39.0000  -0.00537470  0.68425118  0.68427229  1.57865103  0.08435552  0.69316865  0.08973022  0.00891747  7814
39.1000  -0.03842843  0.69430641  0.69536906  1.62608785  0.05109329  0.70355356  0.08952172  0.00924715  7814
39.2000  -0.07187800  0.70280609  0.70647211  1.67271483  0.01730382  0.71130142  0.08918182  0.00849533  7824
39.3000  -0.10564089  0.70968664  0.71750618  1.71856695  -0.01671262  0.71815146  0.08892827  0.00846482  7842
39.4000  -0.13962043  0.71491477  0.72842089  1.76366533  -0.05123625  0.72350215  0.08838418  0.00858738  7859
39.5000  -0.17375099  0.71845395  0.73916540  1.80808048  -0.08571348  0.72732323  0.08803751  0.00886928  7835
39.6000  -0.20794283  0.72027015  0.74968614  1.85185525  -0.12035488  0.72974941  0.08758795  0.00947926  7826
39.7000  -0.24211305  0.72034462  0.75994414  1.89504132  -0.15481188  0.72995289  0.08730117  0.00960827  7823
39.8000  -0.27613201  0.71868755  0.76990953  1.93762310  -0.18934353  0.72820525  0.08678848  0.00951770  7820
39.9000  -0.30992645  0.71527721  0.77953569  1.97967237  -0.22368934  0.72436890  0.08623711  0.00909169  7809
40.0000  -0.34338316  0.71010919  0.78877567  2.02120880  -0.25674489  0.71899149  0.08663827  0.00888230  7810
40.1000  -0.37643642  0.70318526  0.79760509  2.06230715  -0.28984214  0.71206021  0.08659428  0.00887495  7798
40.2000  -0.40899851  0.69448804  0.80597358  2.10302958  -0.32229177  0.70322038  0.08670673  0.00873234  7802
40.3000  -0.44097020  0.68402623  0.81384679  2.14341448  -0.35418756  0.69309604  0.08678265  0.00906981  7809
40.4000  -0.47228697  0.67181645  0.82121393  2.18353288  -0.38511919  0.68062399  0.08716778  0.00880754  7812
40.5000  -0.50286761  0.65787044  0.82805154  2.22344171  -0.41531988  0.66667383  0.08754773  0.00880338  7824
40.6000  -0.53263132  0.64221102  0.83434472  2.26319173  -0.44511771  0.65086622  0.08751361  0.00865520  7821
40.7000  -0.56150714  0.62485591  0.84008046  2.30284770  -0.47434547  0.63344228  0.08716167  0.00858637  7800
40.8000  -0.58939545  0.60579642  0.84520784  2.34247289  -0.50263637  0.61401719  0.08675907  0.00822076  7828
40.9000  -0.61622880  0.58507959  0.84973882  2.38211808  -0.52935685  0.59322272  0.08687194  0.00814312  7809
41.0000  -0.64196722  0.56275108  0.85370410  2.42185488  -0.55498452  0.57081652  0.08698270  0.00806544  7826
41.1000  -0.66656633  0.53883245  0.85711789  2.46176864  -0.57941294  0.54703091  0.08715340  0.00819846  7821
41.2000  -0.68993176  0.51338884  0.85998484  2.50186835  -0.60308452  0.52159463  0.08684724  0.00820579  7830
41.3000  -0.71204431  0.48639168  0.86231315  2.54230478  -0.62513406  0.49458722  0.08691024  0.00819554  7815
41.4000  -0.73290782  0.45792614  0.86420497  2.58313194  -0.64626253  0.46597682  0.08664529  0.00805068  7833
41.5000  -0.75248262  0.42799273  0.86568347  2.62444978  -0.66556278  0.43603022  0.08691984  0.00803748  7815
41.6000  -0.77076904  0.39667174  0.86685257  2.66629852  -0.68426368  0.40459507  0.08650536  0.00792333  7830
41.7000  -0.78773603  0.36399292  0.86776661  2.70874287  -0.70116113  0.37195456  0.08657489  0.00796164  7820
41.8000  -0.80340292  0.33005903  0.86855928  2.75178826  -0.71717644  0.33802067  0.08622648  0.00796164  7826
41.9000  -0.81779986  0.29487540  0.86933774  2.79553115  -0.73187952  0.30284411  0.08592034  0.00796871  7813
42.0000  -0.83090342  0.25851334  0.87018943  2.83996257  -0.74546415  0.26634741  0.08543927  0.00783407  7810
42.1000  -0.84271551  0.22107517  0.87123112  2.88503715  -0.75768387  0.22871826  0.08503165  0.00764309  7795
42.2000  -0.85323470  0.18260466  0.87255596  2.93075857  -0.76825471  0.19007076  0.08497998  0.00746610  7850
42.3000  -0.86244347  0.14322454  0.87425512  2.97702620  -0.77763717  0.15092760  0.08480631  0.00770306  7844
42.4000  -0.87036291  0.10301199  0.87643771  3.02378548  -0.78579213  0.11044034  0.08457078  0.00742835  7833
42.5000  -0.87695516  0.06206545  0.87914872  3.07093666  -0.79261804  0.06924038  0.08433712  0.00717493  7830
42.6000  -0.88221899  0.02048842  0.88245687  3.11837309  -0.79785628  0.02733627  0.08436271  0.00684785  7828
42.7000  -0.88612572  -0.02158141  0.88638848  -3.11724267  -0.80178557  -0.01479742  0.08434014  0.00678399  7853
42.8000  -0.88867007  -0.06403771  0.89097437  -3.06965683  -0.80389694  -0.05745192  0.08477313  0.00658579  7852
42.9000  -0.88980658  -0.10673969  0.89618587  -3.02220483  -0.80456011  -0.09992293  0.08524646  0.00681676  7847
43.0000  -0.88950142  -0.14954046  0.90198400  -2.97503301  -0.80404867  -0.14229395  0.08545276  0.00724651  7848
43.1000  -0.88771855  -0.19232387  0.90831311  -2.92824032  -0.80222758  -0.18482482  0.08549098  0.00749904  7838
43.2000  -0.88441151  -0.23494475  0.91508620  -2.88193879  -0.79882756  -0.22729106  0.08558395  0.00765369  7868
43.3000  -0.87954985  -0.27725232  0.92221299  -2.83623107  -0.79388150  -0.26930650  0.08566835  0.00794582  7859
43.4000  -0.87306619  -0.31911052  0.92955694  -2.79117178  -0.78738849  -0.31134844  0.08567770  0.00776208  7856
43.5000  -0.86488490  -0.36036549  0.93695741  -2.74680470  -0.77917343  -0.35253169  0.08571148  0.00783381  7864
43.6000  -0.85495584  -0.40081185  0.94424553  -2.70320690  -0.76923371  -0.39260958  0.08572213  0.00820227  7852
43.7000  -0.84322604  -0.44034031  0.95127795  -2.66033603  -0.75748476  -0.43212467  0.08574128  0.00821564  7860
43.8000  -0.82962303  -0.47879824  0.95787376  -2.61816100  -0.74392309  -0.47098362  0.08569995  0.00781462  7830
43.9000  -0.81411547  -0.51604815  0.96389299  -2.57663614  -0.72906127  -0.50870401  0.08505420  0.00734414  7849
44.0000  -0.79662565  -0.55199546  0.96918079  -2.53563622  -0.71240782  -0.54525067  0.08421783  0.00674479  7837
44.1000  -0.77713044  -0.58650934  0.97361436  -2.49508294  -0.69250256  -0.58011676  0.08462787  0.00639258  7824
44.2000  -0.75563258  -0.61943617  0.97707818  -2.45491947  -0.67118927  -0.61329729  0.08444331  0.00613889  7826
44.3000  -0.73211550  -0.65070703  0.97949616  -2.41499785  -0.64786089  -0.64469665  0.08425461  0.00601037  7815
44.4000  -0.70661743  -0.68021826  0.98081858  -2.37522773  -0.62279765  -0.67465815  0.08381978  0.00556011  7815
44.5000  -0.67912675  -0.70794376  0.98101861  -2.33542203  -0.59556566  -0.70236750  0.08356109  0.00557626  7811
44.6000  -0.64969288  -0.73379214  0.98007741  -2.29548122  -0.56582738  -0.72820854  0.08386550  0.00558360  7832
44.7000  -0.61838113  -0.75771097  0.97801898  -2.25528800  -0.53387739  -0.75202630  0.08450374  0.00568467  7814
44.8000  -0.58530195  -0.77962813  0.97488378  -2.21477409  -0.49965823  -0.77329917  0.08564371  0.00632896  7824
44.9000  -0.55055037  -0.79951731  0.97073870  -2.17383257  -0.46441797  -0.79242866  0.08613239  0.00708864  7806
45.0000  -0.51425515  -0.81738330  0.96569861  -2.13237299  -0.42799981  -0.81077277  0.08625534  0.00661052  7792
45.1000  -0.47651204  -0.83324223  0.95987308  -2.09028039  -0.38950457  -0.82783873  0.08700746  0.00540350  7783
45.2000  -0.43744331  -0.84708688  0.95336920  -2.04748482  -0.35004162  -0.84155650  0.08740170  0.00553038  7834
45.3000  -0.39724208  -0.85896558  0.94637368  -2.00396820  -0.30940615  -0.85300477  0.08783593  0.00596082  7831
45.4000  -0.35606739  -0.86893598  0.93906002  -1.95970008  -0.26794866  -0.86304184  0.08811872  0.00589415  7793
45.5000  -0.31406867  -0.87703224  0.93157108  -1.91467234  -0.22544041  -0.87108282  0.08862826  0.00594942  7826
45.6000  -0.27141672  -0.88328272  0.92404296  -1.86892023  -0.18221145  -0.87743786  0.08920527  0.00584486  7783
45.7000  -0.22830101  -0.88778509  0.91666991  -1.82250047  -0.13854872  -0.88223483  0.08975229  0.00555026  7799
45.8000  -0.18490270  -0.89060178  0.90959361  -1.77550360  -0.09499938  -0.88488776  0.08990331  0.00571402  7814
45.9000  -0.14137017  -0.89185037  0.90298538  -1.72800170  -0.05138971  -0.88527852  0.08998046  0.00657185  7810
46.0000  -0.09792363  -0.89157978  0.89694121  -1.68018946  -0.00796145  -0.88474951  0.08996219  0.00683026  7835
46.1000  -0.05464401  -0.88985402  0.89153023  -1.63212715  0.03574662  -0.88297403  0.09039063  0.00687999  7838
46.2000  -0.01168873  -0.88669079  0.88676783  -1.58397798  0.07908813  -0.88004710  0.09077686  0.00664369  7820
46.3000  0.03081579  -0.88217232  0.88271038  -1.53587882  0.12169052  -0.87552863  0.09087474  0.00664369  7819
46.4000  0.07273977  -0.87634191  0.87935557  -1.48798229  0.16374788  -0.86970759  0.09100811  0.00663433  7814
46.5000  0.11401311  -0.86923722  0.87668257  -1.44037629  0.20504641  -0.86292140  0.09103329  0.00631581  7812
46.6000  0.15455806  -0.86091955  0.87468318  -1.39316185  0.24590771  -0.85453844  0.09134964  0.00638111  7823
46.7000  0.19429395  -0.85141401  0.87330176  -1.34643675  0.28597981  -0.84534150  0.09168586  0.00607252  7804
46.8000  0.23317860  -0.84071126  0.87244924  -1.30023855  0.32516704  -0.83511163  0.09198844  0.00559962  7794
46.9000  0.27114794  -0.82880293  0.87202952  -1.25461554  0.36342483  -0.82303288  0.09227689  0.00577004  7833
47.0000  0.30817751  -0.81567214  0.87194864  -1.20955534  0.40070695  -0.81081552  0.09252944  0.00485662  7829
47.1000  0.34426055  -0.80132239  0.87214271  -1.16502278  0.43673392  -0.79722750  0.09247337  0.00409490  7807
47.2000  0.37938445  -0.78576137  0.87255573  -1.12098369  0.47198906  -0.78228066  0.09260460  0.00348071  7800
47.3000  0.41353366  -0.76895204  0.87309640  -1.07737676  0.50615991  -0.76621091  0.09262625  0.00274113  7816
47.4000  0.44674524  -0.75084927  0.87370243  -1.03407131  0.53917163  -0.74901638  0.09242638  0.00183288  7823
47.5000  0.47904942  -0.73142534  0.87434054  -0.99094689  0.57140679  -0.73053650  0.09235737  0.00088884  7807
47.6000  0.51042363  -0.71061133  0.87492899  -0.94790166  0.60286325  -0.71050339  0.09243963  0.00010794  7818
47.7000  0.54088180  -0.68837597  0.87545109  -0.90481365  0.63323686  -0.68761186  0.09235506  0.00076411  7822
47.8000  0.57034767  -0.66468282  0.87584229  -0.86163299  0.66306243  -0.66391871  0.09271477  0.00076411  7795
47.9000  0.59883500  -0.63948764  0.87609805  -0.81821517  0.69169094  -0.63835663  0.09285594  0.00113101  7796
48.0000  0.62628728  -0.61272773  0.87616838  -0.77445478  0.71930507  -0.61159672  0.09301779  0.00113101  7822
48.1000  0.65268131  -0.58440737  0.87608497  -0.73026488  0.74647729  -0.58327636  0.09379598  0.00113101  7836
48.2000  0.67799623  -0.55449155  0.87586515  -0.68552394  0.77246711  -0.55336054  0.09447088  0.00113101  7821
48.3000  0.70218514  -0.52299128  0.87554774  -0.64016826  0.79741506  -0.52176056  0.09522993  0.00123072  7817
48.4000  0.72519819  -0.48990256  0.87516680  -0.59412261  0.82111298  -0.48944026  0.09591479  0.00046229  7838
48.5000  0.74699698  -0.45524656  0.87478793  -0.54732857  0.84350585  -0.45485824  0.09650886  0.00038832  7837
48.6000  0.76748654  -0.41908097  0.87445094  -0.49980045  0.86315799  -0.41874905  0.09567145  0.00033192  7837
48.7000  0.78656987  -0.38150556  0.87420744  -0.45159550  0.88221982  -0.38083766  0.09564995  0.00066791  7829
48.8000  0.80417946  -0.34257273  0.87410564  -0.40270923  0.90000781  -0.34185463  0.09582835  0.00071811  7814
48.9000  0.82021127  -0.30234898  0.87416328  -0.35316844  0.91630399  -0.30137887  0.09609272  0.00097010  7814
49.0000  0.83455057  -0.26091118  0.87438509  -0.30300944  0.93063798  -0.25978446  0.09608741  0.00112671  7833
49.1000  0.84710590  -0.21838569  0.87480324  -0.25230824  0.94281670  -0.21796433  0.09571080  0.00042136  7819
49.2000  0.85779372  -0.17488086  0.87543896  -0.20111668  0.95294993  -0.17423465  0.09515621  0.00064621  7831
49.3000  0.86651505  -0.13049848  0.87628659  -0.14947818  0.96110781  -0.13002155  0.09459276  0.00047693  7844
49.4000  0.87320539  -0.08538570  0.87737014  -0.09747433  0.96723028  -0.08508517  0.09402489  0.00030053  7852
49.5000  0.87773767  -0.03965570  0.87863303  -0.04514874  0.97121551  -0.03932633  0.09347784  0.00032937  7823
49.6000  0.88003799  0.00654062  0.88006230  0.00743207  0.97370641  0.00655237  0.09366842  0.00001174  7814
49.7000  0.88007120  0.05310052  0.88167169  0.06026356  0.97354620  0.05310908  0.09347500  0.00000855  7845
49.8000  0.87772788  0.09984835  0.88338888  0.11327082  0.97075348  0.10014118  0.09302561  0.00029283  7841
49.9000  0.87296168  0.14663221  0.88519100  0.16641745  0.96585233  0.14745315  0.09289065  0.00082094  7817
50.0000  0.86573348  0.19333595  0.88705876  0.21971521  0.95884272  0.19401127  0.09310924  0.00067532  7803
