# PauliOperators.jl SparsePauliVector correlation data
# C(t) = <psi | A B(t) | psi>
# Corrected C(t) = raw C(t) - accumulated truncation change
#
# time  Re_C  Im_C  Abs_C  Phase_C  Re_C_raw  Im_C_raw  Re_accumulated_correction  Im_accumulated_correction  n_terms
0.0000  1.00000000  0.00000000  1.00000000  0.00000000  1.00000000  0.00000000  0.00000000  0.00000000  2
0.1000  0.99882305  0.04604268  0.99988370  0.04606433  0.99901866  0.04603587  0.00019561  -0.00000682  48
0.2000  0.99529825  0.09195178  0.99953676  0.09212465  0.99545544  0.09192681  0.00015720  -0.00002497  68
0.3000  0.98944130  0.13758159  0.99896085  0.13816386  0.98900956  0.13751955  -0.00043174  -0.00006205  86
0.4000  0.98128058  0.18279535  0.99816117  0.18417149  0.98086781  0.18265348  -0.00041277  -0.00014187  98
0.5000  0.97086537  0.22747533  0.99715826  0.23015003  0.97069560  0.22715774  -0.00016977  -0.00031759  106
0.6000  0.95823246  0.27150054  0.99595281  0.27609831  0.95834216  0.27087662  0.00010970  -0.00062392  112
0.7000  0.94342531  0.31474741  0.99454374  0.32201030  0.94423622  0.31394572  0.00081091  -0.00080168  130
0.8000  0.92651418  0.35710633  0.99295189  0.36788325  0.92799443  0.35648106  0.00148025  -0.00062527  146
0.9000  0.90753584  0.39845782  0.99115586  0.41371457  0.90955527  0.39809288  0.00201943  -0.00036494  144
1.0000  0.88657900  0.43868238  0.98917367  0.45948176  0.88918942  0.43862680  0.00261042  -0.00005558  152
1.1000  0.86371176  0.47768578  0.98700643  0.50519071  0.86696873  0.47798537  0.00325698  0.00029959  158
1.2000  0.83902634  0.51537945  0.98467313  0.55083812  0.84297736  0.51607459  0.00395102  0.00069514  176
1.3000  0.81263926  0.55166691  0.98220107  0.59639554  0.81731573  0.55278471  0.00467647  0.00111780  190
1.4000  0.78465393  0.58647433  0.97960907  0.64185465  0.79008561  0.58778145  0.00543168  0.00130711  198
1.5000  0.75518782  0.61972886  0.97691991  0.68719351  0.76140696  0.62124527  0.00621915  0.00151641  206
1.6000  0.72434042  0.65137922  0.97414780  0.73241286  0.73137736  0.65312209  0.00703694  0.00174287  219
1.7000  0.69224896  0.68139473  0.97134309  0.77749655  0.70011535  0.68337264  0.00786640  0.00197790  224
1.8000  0.65901951  0.70973469  0.96851951  0.82243329  0.66772853  0.71165598  0.00870903  0.00192129  231
1.9000  0.62476336  0.73637784  0.96570263  0.86721577  0.63431964  0.73800736  0.00955628  0.00162952  238
2.0000  0.58960310  0.76130668  0.96292247  0.91182246  0.59999440  0.76260592  0.01039130  0.00129925  242
2.1000  0.55363920  0.78450253  0.96018778  0.95624168  0.56485306  0.78543742  0.01121386  0.00093490  249
2.2000  0.51696854  0.80597509  0.95752406  1.00047641  0.52899165  0.80650027  0.01202311  0.00052518  251
2.3000  0.47968365  0.82572943  0.95494790  1.04452357  0.49297555  0.82555294  0.01329191  -0.00017649  263
2.4000  0.44187801  0.84379395  0.95249378  1.08838468  0.45598259  0.84265736  0.01410458  -0.00113659  275
2.5000  0.40363904  0.86017733  0.95017342  1.13204913  0.41853628  0.85800227  0.01489724  -0.00217506  281
2.6000  0.36504604  0.87489499  0.94799781  1.17551206  0.38096589  0.87160109  0.01591986  -0.00329390  285
2.7000  0.32616124  0.88798946  0.94599494  1.21879068  0.34278254  0.88349514  0.01662131  -0.00449432  299
2.8000  0.28704480  0.89946637  0.94415807  1.26188469  0.30416157  0.89370054  0.01711677  -0.00576583  306
2.9000  0.24775004  0.90933400  0.94247992  1.30480034  0.26537808  0.90226166  0.01762804  -0.00707234  311
3.0000  0.20832587  0.91763829  0.94098868  1.34755629  0.22648490  0.90922490  0.01815902  -0.00841339  312
3.1000  0.16881049  0.92440040  0.93968775  1.39017045  0.18752862  0.91462566  0.01871813  -0.00977473  330
3.2000  0.12923581  0.92965817  0.93859801  1.43266724  0.14858357  0.91884724  0.01934776  -0.01081093  334
3.3000  0.08962192  0.93345009  0.93774259  1.47507825  0.10960493  0.92143160  0.01998301  -0.01201849  336
3.4000  0.05001475  0.93580053  0.93713612  1.51740117  0.07024335  0.92225957  0.02022859  -0.01354096  342
3.5000  0.01043192  0.93668413  0.93674222  1.55965971  0.03048835  0.92185793  0.02005643  -0.01482620  350
3.6000  -0.02910212  0.93611227  0.93656453  1.60187459  -0.00940381  0.92008715  0.01969830  -0.01602512  352
3.7000  -0.06857970  0.93408181  0.93659597  1.64408420  -0.04928877  0.91698058  0.01929093  -0.01710123  348
3.8000  -0.10798585  0.93059276  0.93683714  1.68631951  -0.08892636  0.91256314  0.01905949  -0.01802962  357
3.9000  -0.14730633  0.92564824  0.93729601  1.72861154  -0.12833425  0.90687301  0.01897209  -0.01877523  364
4.0000  -0.18651578  0.91924868  0.93797989  1.77097902  -0.16761048  0.89969724  0.01890530  -0.01955144  363
4.1000  -0.22558032  0.91138844  0.93889050  1.81343274  -0.20674538  0.89099864  0.01883494  -0.02038979  363
4.2000  -0.26446893  0.90204456  0.94001500  1.85599222  -0.24565498  0.88100666  0.01881396  -0.02103790  369
4.3000  -0.30314978  0.89119939  0.94134804  1.89867764  -0.28433116  0.86965437  0.01881862  -0.02154502  363
4.4000  -0.34158157  0.87883654  0.94288474  1.94150160  -0.32273205  0.85694382  0.01884952  -0.02189271  374
4.5000  -0.37972654  0.86494005  0.94462349  1.98448240  -0.36081986  0.84287677  0.01890668  -0.02206328  376
4.6000  -0.41753968  0.84948307  0.94655209  2.02763863  -0.39854764  0.82744537  0.01899204  -0.02203770  378
4.7000  -0.45495804  0.83245108  0.94866307  2.07097018  -0.43585773  0.81065177  0.01910030  -0.02179931  385
4.8000  -0.49190712  0.81383174  0.95094412  2.11446934  -0.47267218  0.79249939  0.01923494  -0.02133235  390
4.9000  -0.52832316  0.79361061  0.95338511  2.15814388  -0.50888490  0.77239671  0.01943826  -0.02121390  397
5.0000  -0.56410036  0.77176972  0.95594860  2.20197267  -0.54448296  0.75055109  0.01961740  -0.02121864  397
5.1000  -0.59915232  0.74829784  0.95861002  2.24595600  -0.57933530  0.72734276  0.01981702  -0.02095508  395
5.2000  -0.63338810  0.72319368  0.96134780  2.29009104  -0.61335652  0.70227742  0.02003158  -0.02091626  399
5.3000  -0.66669929  0.69646738  0.96413420  2.33436051  -0.64644203  0.67567596  0.02025727  -0.02079142  405
5.4000  -0.69897218  0.66812911  0.96693258  2.37875159  -0.67848125  0.64749679  0.02049092  -0.02063233  411
5.5000  -0.73010522  0.63820270  0.96971971  2.42325885  -0.70937765  0.61778733  0.02072757  -0.02041537  407
5.6000  -0.75996217  0.60671998  0.97244621  2.46785526  -0.73900196  0.58656709  0.02096020  -0.02015289  417
5.7000  -0.78842143  0.57372858  0.97507580  2.51252169  -0.76723867  0.55388269  0.02118276  -0.01984589  420
5.8000  -0.81536194  0.53928387  0.97756953  2.55724210  -0.79397164  0.51978652  0.02139029  -0.01949735  418
5.9000  -0.84066347  0.50344830  0.97988533  2.60200430  -0.81908422  0.48433985  0.02157926  -0.01910845  428
6.0000  -0.86421491  0.46629457  0.98198678  2.64680122  -0.84247068  0.44761140  0.02174423  -0.01868316  431
6.1000  -0.88590464  0.42791232  0.98383737  2.69161865  -0.86402639  0.40968537  0.02187825  -0.01822695  433
6.2000  -0.90562622  0.38839260  0.98539721  2.73645175  -0.88364521  0.37064875  0.02198101  -0.01774385  435
6.3000  -0.92327408  0.34785745  0.98663054  2.78127540  -0.90122684  0.33041865  0.02204724  -0.01743880  439
6.4000  -0.93876031  0.30642964  0.98750699  2.82607743  -0.91668401  0.28953705  0.02207631  -0.01689259  441
6.5000  -0.95199652  0.26422162  0.98798302  2.87086217  -0.93014770  0.24783917  0.02184882  -0.01638245  451
6.6000  -0.96290891  0.22137569  0.98802873  2.91561635  -0.94112363  0.20549822  0.02178528  -0.01587747  451
6.7000  -0.97143778  0.17803166  0.98761664  2.96033788  -0.94976173  0.16264600  0.02167605  -0.01538565  457
6.8000  -0.97754474  0.13432977  0.98673107  3.00503245  -0.95567669  0.11941757  0.02186805  -0.01491220  463
6.9000  -0.98119739  0.09043580  0.98535626  3.04968352  -0.95886018  0.07627063  0.02233721  -0.01416517  464
7.0000  -0.98238831  0.04650766  0.98348856  3.09428655  -0.95957740  0.03272561  0.02281091  -0.01378205  463
7.1000  -0.98110091  0.00269206  0.98110460  3.13884874  -0.95798963  -0.01076752  0.02311128  -0.01345958  467
7.2000  -0.97734674  -0.04087055  0.97820093  -3.09979914  -0.95416690  -0.05416120  0.02317984  -0.01329065  467
7.3000  -0.97114149  -0.08404284  0.97477125  -3.05526747  -0.94796165  -0.09712971  0.02317984  -0.01308687  472
7.4000  -0.96253138  -0.12668273  0.97083221  -3.01073067  -0.93935154  -0.13949645  0.02317984  -0.01281372  468
7.5000  -0.95157537  -0.16865020  0.96640498  -2.96618153  -0.92839553  -0.18138801  0.02317984  -0.01273781  475
7.6000  -0.93833296  -0.20980993  0.96150349  -2.92161249  -0.91515312  -0.22254060  0.02317984  -0.01273067  476
7.7000  -0.92286452  -0.25003217  0.95613545  -2.87701372  -0.89955247  -0.26282662  0.02331205  -0.01279445  478
7.8000  -0.90526774  -0.28919737  0.95033931  -2.83237909  -0.88199069  -0.30212770  0.02327705  -0.01293033  477
7.9000  -0.88564571  -0.32720176  0.94415534  -2.78769664  -0.86236865  -0.34034093  0.02327705  -0.01313918  484
8.0000  -0.86411133  -0.36394708  0.93762779  -2.74296136  -0.84083427  -0.37736688  0.02327705  -0.01341979  483
8.1000  -0.84077247  -0.39933979  0.93079031  -2.69817065  -0.81749541  -0.41310976  0.02327705  -0.01376997  483
8.2000  -0.81574679  -0.43330678  0.92368695  -2.65331482  -0.79246973  -0.44774151  0.02327705  -0.01443473  488
8.3000  -0.78916322  -0.46578415  0.91636972  -2.60839139  -0.76588617  -0.48039955  0.02327705  -0.01461539  488
8.4000  -0.76116791  -0.49671462  0.90890153  -2.56341355  -0.73789086  -0.51133001  0.02327705  -0.01461539  490
8.5000  -0.73189499  -0.52606358  0.90133965  -2.51838066  -0.70840259  -0.54058402  0.02349240  -0.01452044  492
8.6000  -0.70147748  -0.55379166  0.89373143  -2.47330882  -0.67798508  -0.56831210  0.02349240  -0.01452044  498
8.7000  -0.67004021  -0.57989299  0.88613191  -2.42819146  -0.64654781  -0.59441343  0.02349240  -0.01452044  490
8.8000  -0.63771038  -0.60436436  0.87859593  -2.38303507  -0.61389545  -0.61888480  0.02381493  -0.01452044  491
8.9000  -0.60460916  -0.62718804  0.87115847  -2.33786651  -0.58079423  -0.64170848  0.02381493  -0.01452044  496
9.0000  -0.57085413  -0.64839108  0.86387813  -2.29268578  -0.54703920  -0.66291152  0.02381493  -0.01452044  501
9.1000  -0.53655449  -0.66799337  0.85679978  -2.24750566  -0.51273956  -0.68251381  0.02381493  -0.01452044  498
9.2000  -0.50180860  -0.68602281  0.84996421  -2.20233570  -0.47799367  -0.70054325  0.02381493  -0.01452044  495
9.3000  -0.46671522  -0.70250588  0.84340832  -2.15719874  -0.44290029  -0.71702632  0.02381493  -0.01452044  494
9.4000  -0.43136221  -0.71748535  0.83717297  -2.11210797  -0.40754728  -0.73200579  0.02381493  -0.01452044  500
9.5000  -0.39582368  -0.73100013  0.83128670  -2.06707657  -0.37200875  -0.74552057  0.02381493  -0.01452044  499
9.6000  -0.36017740  -0.74309351  0.82578189  -2.02212917  -0.33636248  -0.75744189  0.02381493  -0.01434838  497
9.7000  -0.32447787  -0.75380826  0.82067825  -1.97727534  -0.30066295  -0.76815665  0.02381493  -0.01434838  497
9.8000  -0.28878065  -0.76318656  0.81599509  -1.93253400  -0.26496573  -0.77753495  0.02381493  -0.01434838  502
9.9000  -0.25312482  -0.77127030  0.81174507  -1.88791265  -0.22864695  -0.78561869  0.02447786  -0.01434838  501
10.0000  -0.21754710  -0.77806484  0.80790571  -1.84343428  -0.19306924  -0.79241323  0.02447786  -0.01434838  502
10.1000  -0.18207918  -0.78364167  0.80451669  -1.79909554  -0.15760132  -0.79805914  0.02447786  -0.01441747  505
10.2000  -0.14674204  -0.78803126  0.80157750  -1.75490115  -0.12226417  -0.80191142  0.02447786  -0.01388016  501
10.3000  -0.11158076  -0.79126210  0.79909072  -1.71088878  -0.08710290  -0.80514226  0.02447786  -0.01388016  504
10.4000  -0.07658409  -0.79335424  0.79704208  -1.66703017  -0.05210623  -0.80723440  0.02447786  -0.01388016  501
10.5000  -0.04176531  -0.79432093  0.79541818  -1.62332785  -0.01728745  -0.80816851  0.02447786  -0.01384758  507
10.6000  -0.00713443  -0.79416624  0.79419829  -1.57977964  0.01734343  -0.80801382  0.02447786  -0.01384758  509
10.7000  0.02729764  -0.79289195  0.79336171  -1.53638197  0.05177550  -0.80673953  0.02447786  -0.01384758  509
10.8000  0.06151948  -0.79049028  0.79288052  -1.49312842  0.08599734  -0.80433786  0.02447786  -0.01384758  509
10.9000  0.09552302  -0.78694859  0.79272488  -1.45000321  0.12000088  -0.80079617  0.02447786  -0.01384758  508
11.0000  0.12928696  -0.78225013  0.79286215  -1.40700129  0.15376482  -0.79565805  0.02447786  -0.01340792  509
11.1000  0.16277581  -0.77637125  0.79325171  -1.36412755  0.18725367  -0.78977917  0.02447786  -0.01340792  504
11.2000  0.19598571  -0.76928589  0.79385841  -1.32133973  0.22046357  -0.78269380  0.02447786  -0.01340792  510
11.3000  0.22888763  -0.76096252  0.79464049  -1.27861767  0.25336549  -0.77437044  0.02447786  -0.01340792  508
11.4000  0.26144570  -0.75136644  0.79555351  -1.23593975  0.28592356  -0.76477436  0.02447786  -0.01340792  510
11.5000  0.29361630  -0.74046286  0.79655243  -1.19328424  0.31809417  -0.75323820  0.02447786  -0.01277535  503
11.6000  0.32532097  -0.72822672  0.79758879  -1.15066478  0.34979883  -0.74100206  0.02447786  -0.01277535  505
11.7000  0.35652661  -0.71461996  0.79861938  -1.10802606  0.38094322  -0.72739531  0.02441661  -0.01277535  507
11.8000  0.38717629  -0.69960908  0.79959886  -1.06533268  0.41159290  -0.71238442  0.02441661  -0.01277535  506
11.9000  0.41719597  -0.68316007  0.80047495  -1.02255684  0.44161258  -0.69593541  0.02441661  -0.01277535  509
12.0000  0.44651009  -0.66525071  0.80120520  -0.97966823  0.47092670  -0.67802606  0.02441661  -0.01277535  502
12.1000  0.47503474  -0.64586479  0.80174767  -0.93663879  0.49945135  -0.65864013  0.02441661  -0.01277535  506
12.2000  0.50268133  -0.62498979  0.80206032  -0.89343695  0.52709794  -0.63776514  0.02441661  -0.01277535  506
12.3000  0.52935570  -0.60262482  0.80210606  -0.85003449  0.55381520  -0.61540017  0.02445950  -0.01277535  510
12.4000  0.55496082  -0.57876702  0.80184336  -0.80639324  0.57942033  -0.59154237  0.02445950  -0.01277535  508
12.5000  0.57939620  -0.55343703  0.80124434  -0.76248691  0.60385570  -0.56621238  0.02445950  -0.01277535  505
12.6000  0.60256115  -0.52666393  0.80028422  -0.71828733  0.62702065  -0.53943928  0.02445950  -0.01277535  505
12.7000  0.62434965  -0.49848499  0.79893665  -0.67376871  0.64880915  -0.51126034  0.02445950  -0.01277535  505
12.8000  0.64466900  -0.46894990  0.79719014  -0.62889744  0.66915520  -0.48172524  0.02448619  -0.01277535  506
12.9000  0.66342265  -0.43811492  0.79503101  -0.58364172  0.68785621  -0.45089027  0.02443356  -0.01277535  501
13.0000  0.68051886  -0.40605418  0.79245563  -0.53797712  0.70478849  -0.41882953  0.02426963  -0.01277535  505
13.1000  0.69587041  -0.37285603  0.78946643  -0.49188545  0.72010562  -0.38563138  0.02423521  -0.01277535  499
13.2000  0.70940026  -0.33860361  0.78606687  -0.44533114  0.73363547  -0.35137896  0.02423521  -0.01277535  509
13.3000  0.72103365  -0.30340583  0.78226890  -0.39830179  0.74528766  -0.31618117  0.02425401  -0.01277535  511
13.4000  0.73071292  -0.26736171  0.77808975  -0.35076140  0.75490290  -0.28006547  0.02418998  -0.01270376  506
13.5000  0.73838360  -0.23059894  0.77355427  -0.30270480  0.76277640  -0.24334435  0.02439280  -0.01274541  508
13.6000  0.74401123  -0.19323802  0.76869607  -0.25411008  0.76840403  -0.20598343  0.02439280  -0.01274541  510
13.7000  0.74756978  -0.15541689  0.76355418  -0.20497637  0.77196258  -0.16794106  0.02439280  -0.01252416  507
13.8000  0.74903523  -0.11727881  0.75816099  -0.15531218  0.77342803  -0.12980297  0.02439280  -0.01252416  511
13.9000  0.74841597  -0.07896184  0.75256989  -0.10511640  0.77280878  -0.09148600  0.02439280  -0.01252416  512
14.0000  0.74572724  -0.04060374  0.74683183  -0.05439481  0.77012005  -0.05312791  0.02439280  -0.01252416  511
14.1000  0.74098904  -0.00235080  0.74099276  -0.00317251  0.76538184  -0.01487497  0.02439280  -0.01252416  511
14.2000  0.73424192  0.03565388  0.73510707  0.04852064  0.75863472  0.02312971  0.02439280  -0.01252416  511
14.3000  0.72553901  0.07327078  0.72922936  0.10064683  0.74993181  0.06074661  0.02439280  -0.01252416  512
14.4000  0.71494241  0.11036578  0.72341085  0.15316118  0.73933521  0.09784161  0.02439280  -0.01252416  509
14.5000  0.70253148  0.14680505  0.71770621  0.20600147  0.72692428  0.13428089  0.02439280  -0.01252416  511
14.6000  0.68839284  0.18246900  0.71216545  0.25910668  0.71278564  0.16994484  0.02439280  -0.01252416  511
14.7000  0.67262237  0.21723802  0.70683323  0.31239632  0.69719435  0.20471386  0.02457198  -0.01252416  509
14.8000  0.65532620  0.25101523  0.70175571  0.36579952  0.67989818  0.23849107  0.02457198  -0.01252416  511
14.9000  0.63661868  0.28369342  0.69696865  0.41921001  0.66119066  0.27116926  0.02457198  -0.01252416  508
15.0000  0.61661360  0.31518566  0.69249861  0.47253242  0.64118558  0.30266149  0.02457198  -0.01252416  512
15.1000  0.59543740  0.34541469  0.68837272  0.52566045  0.62000938  0.33289053  0.02457198  -0.01252416  511
15.2000  0.57321442  0.37431507  0.68460686  0.57848870  0.59778641  0.36179091  0.02457198  -0.01252416  511
15.3000  0.55007921  0.40183161  0.68121639  0.63090237  0.57465119  0.38930744  0.02457198  -0.01252416  507
15.4000  0.52615194  0.42792594  0.67820091  0.68280576  0.55079471  0.41540178  0.02464277  -0.01252416  507
15.5000  0.50155655  0.45256544  0.67555492  0.73409641  0.52619932  0.44004127  0.02464277  -0.01252416  507
15.6000  0.47641448  0.47572965  0.67326774  0.78467892  0.50105725  0.46320549  0.02464277  -0.01252416  511
15.7000  0.45084340  0.49740599  0.67132145  0.83446249  0.47548617  0.48488183  0.02464277  -0.01252416  507
15.8000  0.42495493  0.51759328  0.66969359  0.88336851  0.44959770  0.50506912  0.02464277  -0.01252416  506
15.9000  0.39885672  0.53630585  0.66836416  0.93133215  0.42349949  0.52378169  0.02464277  -0.01252416  505
16.0000  0.37264026  0.55355780  0.66729828  0.97830274  0.39728303  0.54103363  0.02464277  -0.01252416  503
16.1000  0.34640129  0.56937001  0.66646535  1.02422763  0.37114680  0.55684060  0.02474551  -0.01252941  504
16.2000  0.32021804  0.58377680  0.66583402  1.06908380  0.34496355  0.57124739  0.02474551  -0.01252941  508
16.3000  0.29415456  0.59680709  0.66536126  1.11286055  0.31885027  0.58433190  0.02469571  -0.01247519  508
16.4000  0.26827298  0.60849967  0.66501296  1.15555566  0.29296869  0.59602448  0.02469571  -0.01247519  506
16.5000  0.24262406  0.61889574  0.66475437  1.19718175  0.26731978  0.60642055  0.02469571  -0.01247519  511
16.6000  0.21724611  0.62803703  0.66454976  1.23776721  0.24194182  0.61556184  0.02469571  -0.01247519  509
16.7000  0.19216086  0.63596626  0.66436352  1.27736296  0.21685845  0.62349107  0.02469759  -0.01247519  509
16.8000  0.16738853  0.64272286  0.66416233  1.31601940  0.19209227  0.63024767  0.02470375  -0.01247519  511
16.9000  0.14294306  0.64835213  0.66392259  1.35379649  0.16776425  0.63587694  0.02482119  -0.01247519  510
17.0000  0.11882369  0.65287740  0.66360227  1.39076682  0.14367071  0.64040221  0.02484702  -0.01247519  506
17.1000  0.09502722  0.65633177  0.66317537  1.42701015  0.11993477  0.64385658  0.02490755  -0.01247519  510
17.2000  0.07154780  0.65874940  0.66262346  1.46260885  0.09645535  0.64627421  0.02490755  -0.01247519  508
17.3000  0.04836324  0.66015116  0.66192035  1.49766611  0.07327080  0.64767597  0.02490755  -0.01247519  509
17.4000  0.02545498  0.66055993  0.66105020  1.53227992  0.05036254  0.64818736  0.02490755  -0.01237257  509
17.5000  0.00279455  0.65998233  0.65998825  1.56656207  0.02770211  0.64760977  0.02490755  -0.01237257  509
17.6000  -0.01963695  0.65842212  0.65871489  1.60061175  0.00527060  0.64604956  0.02490755  -0.01237257  506
17.7000  -0.04186322  0.65588554  0.65722018  1.63453689  -0.01692865  0.64351297  0.02493457  -0.01237257  509
17.8000  -0.06390867  0.65236611  0.65548903  1.66844916  -0.03897410  0.63999355  0.02493457  -0.01237257  507
17.9000  -0.08579399  0.64785536  0.65351142  1.70245794  -0.06085942  0.63548279  0.02493457  -0.01237257  508
18.0000  -0.10753433  0.64234050  0.65127947  1.73666832  -0.08259975  0.63000077  0.02493457  -0.01233973  509
18.1000  -0.12915076  0.63580392  0.64878852  1.77119955  -0.10421619  0.62346419  0.02493457  -0.01233973  510
18.2000  -0.15064424  0.62822600  0.64603529  1.80614564  -0.12570967  0.61588627  0.02493457  -0.01233973  508
18.3000  -0.17201541  0.61958120  0.64301645  1.84160760  -0.14705445  0.60724147  0.02496096  -0.01233973  511
18.4000  -0.19325799  0.60985685  0.63974528  1.87767630  -0.16825796  0.59751712  0.02500004  -0.01233973  509
18.5000  -0.21435805  0.59902842  0.63622671  1.91444095  -0.18935801  0.58668870  0.02500004  -0.01233973  511
18.6000  -0.23529375  0.58707609  0.63247252  1.95198284  -0.21029371  0.57473637  0.02500004  -0.01233973  506
18.7000  -0.25603528  0.57398021  0.62849610  1.99037715  -0.23103524  0.56164048  0.02500004  -0.01233973  511
18.8000  -0.27654522  0.55972579  0.62431580  2.02969084  -0.25154518  0.54738607  0.02500004  -0.01233973  511
18.9000  -0.29677750  0.54430401  0.61995463  2.06997935  -0.27172101  0.53196429  0.02505649  -0.01233973  510
19.0000  -0.31668175  0.52771097  0.61543984  2.11129269  -0.29162526  0.51537124  0.02505649  -0.01233973  506
19.1000  -0.33619181  0.50994957  0.61079743  2.15365706  -0.31111037  0.49760984  0.02508144  -0.01233973  508
19.2000  -0.35524543  0.49103620  0.60606589  2.19709486  -0.33001293  0.47869647  0.02523249  -0.01233973  509
19.3000  -0.37377247  0.47098245  0.60127392  2.24162366  -0.34854112  0.45864272  0.02523134  -0.01233973  507
19.4000  -0.39169617  0.44981444  0.59645529  2.28723978  -0.36646483  0.43747471  0.02523134  -0.01233973  509
19.5000  -0.40893795  0.42756652  0.59164464  2.33392862  -0.38370660  0.41522679  0.02523134  -0.01233973  510
19.6000  -0.42541741  0.40428343  0.58687739  2.38166079  -0.40018607  0.39202434  0.02523134  -0.01225909  507
19.7000  -0.44105646  0.38002061  0.58219109  2.43039434  -0.41582512  0.36754288  0.02523134  -0.01247773  506
19.8000  -0.45575711  0.35484024  0.57760379  2.48005410  -0.43052577  0.34236251  0.02523134  -0.01247773  505
19.9000  -0.46944959  0.32882518  0.57315698  2.53056585  -0.44431335  0.31634745  0.02513624  -0.01247773  505
20.0000  -0.48205766  0.30205221  0.56887180  2.58185122  -0.45697866  0.28957448  0.02507899  -0.01247773  507
20.1000  -0.49350650  0.27461768  0.56476857  2.63380165  -0.46861265  0.26213995  0.02489385  -0.01247773  502
20.2000  -0.50372983  0.24661719  0.56085986  2.68631391  -0.47883598  0.23404290  0.02489385  -0.01257429  504
20.3000  -0.51266653  0.21816461  0.55715596  2.73925729  -0.48777268  0.20559032  0.02489385  -0.01257429  509
20.4000  -0.52026513  0.18937373  0.55365893  2.79250524  -0.49537128  0.17679943  0.02489385  -0.01257429  510
20.5000  -0.52648048  0.16036272  0.55036161  2.84592666  -0.50158664  0.14778843  0.02489385  -0.01257429  508
20.6000  -0.53127834  0.13125775  0.54725247  2.89938274  -0.50638449  0.11868346  0.02489385  -0.01257429  507
20.7000  -0.53463340  0.10218348  0.54431088  2.95274212  -0.50973955  0.08963099  0.02489385  -0.01255249  507
20.8000  -0.53653579  0.07326754  0.54151527  3.00587543  -0.51164194  0.06058831  0.02489385  -0.01267924  507
20.9000  -0.53697344  0.04463470  0.53882533  3.05866057  -0.51207959  0.03195546  0.02489385  -0.01267924  508
21.0000  -0.53596280  0.01640995  0.53621395  3.11098451  -0.51106895  0.00373071  0.02489385  -0.01267924  509
21.1000  -0.53352312  -0.01128435  0.53364244  -3.12044518  -0.50862927  -0.02396359  0.02489385  -0.01267924  510
21.2000  -0.52968645  -0.03833109  0.53107156  -3.06935296  -0.50479260  -0.05101033  0.02489385  -0.01267924  510
21.3000  -0.52449601  -0.06461891  0.52846161  -3.01900848  -0.49960216  -0.07729815  0.02489385  -0.01267924  507
21.4000  -0.51799923  -0.09004372  0.52576713  -2.96948260  -0.49310538  -0.10272296  0.02489385  -0.01267924  508
21.5000  -0.51025769  -0.11450898  0.52294858  -2.92083602  -0.48536384  -0.12718822  0.02489385  -0.01267924  507
21.6000  -0.50134118  -0.13792821  0.51996843  -2.87311632  -0.47653387  -0.15060745  0.02480731  -0.01267924  510
21.7000  -0.49132493  -0.16022584  0.51679058  -2.82635736  -0.46651762  -0.17290508  0.02480731  -0.01267924  506
21.8000  -0.48029404  -0.18132942  0.51338360  -2.78059844  -0.45542545  -0.19400866  0.02486859  -0.01267924  507
21.9000  -0.46833674  -0.20118664  0.50972087  -2.73585174  -0.44346815  -0.21386587  0.02486859  -0.01267924  506
22.0000  -0.45554634  -0.21975526  0.50578142  -2.69212445  -0.43046432  -0.23243449  0.02508202  -0.01267924  504
22.1000  -0.44201830  -0.23699291  0.50154344  -2.64943655  -0.41646080  -0.24967215  0.02555750  -0.01267924  507
22.2000  -0.42785001  -0.25286378  0.49698664  -2.60780942  -0.40229252  -0.26554302  0.02555750  -0.01267924  504
22.3000  -0.41313963  -0.26737774  0.49211301  -2.56719895  -0.38758214  -0.28005697  0.02555750  -0.01267924  507
22.4000  -0.39798141  -0.28054451  0.48692343  -2.52757322  -0.37242392  -0.29322375  0.02555750  -0.01267924  506
22.5000  -0.38247261  -0.29237953  0.48142610  -2.48891024  -0.35691512  -0.30505877  0.02555750  -0.01267924  509
22.6000  -0.36670708  -0.30289793  0.47562721  -2.45120131  -0.34105251  -0.31557717  0.02565457  -0.01267924  510
22.7000  -0.35076585  -0.31214148  0.46954125  -2.41439381  -0.32511128  -0.32480985  0.02565457  -0.01266837  512
22.8000  -0.33473198  -0.32014748  0.46318453  -2.37846132  -0.30907742  -0.33271741  0.02565457  -0.01256993  511
22.9000  -0.31867993  -0.32697324  0.45658340  -2.34335035  -0.29302536  -0.33955121  0.02565457  -0.01257797  512
23.0000  -0.30266965  -0.33267078  0.44975412  -2.30900898  -0.27701508  -0.34534605  0.02565457  -0.01267527  507
23.1000  -0.28676312  -0.33729235  0.44271799  -2.27540160  -0.26110855  -0.34988454  0.02565457  -0.01259219  508
23.2000  -0.27101152  -0.34091196  0.43550914  -2.24245679  -0.24535695  -0.35350415  0.02565457  -0.01259219  511
23.3000  -0.25545555  -0.34360042  0.42815743  -2.21010314  -0.22980098  -0.35619261  0.02565457  -0.01259219  509
23.4000  -0.24012824  -0.34542148  0.42068702  -2.17827641  -0.21447367  -0.35801367  0.02565457  -0.01259219  510
23.5000  -0.22505544  -0.34644582  0.41312789  -2.14689889  -0.19940087  -0.35903801  0.02565457  -0.01259219  511
23.6000  -0.21024421  -0.34674280  0.40550363  -2.11586493  -0.18453739  -0.35942100  0.02570682  -0.01267820  511
23.7000  -0.19570914  -0.34637170  0.39783844  -2.08510286  -0.16994705  -0.35904990  0.02576209  -0.01267820  511
23.8000  -0.18144987  -0.34540341  0.39016352  -2.05449993  -0.15589895  -0.35808161  0.02555091  -0.01267820  509
23.9000  -0.16745852  -0.34390579  0.38250954  -2.02393449  -0.14190761  -0.35640281  0.02555091  -0.01249702  512
24.0000  -0.15372815  -0.34191745  0.37488650  -1.99332259  -0.12817724  -0.35428676  0.02555091  -0.01236930  511
24.1000  -0.14023933  -0.33949223  0.36731736  -1.96253218  -0.11468841  -0.35186154  0.02555091  -0.01236930  510
24.2000  -0.12696542  -0.33666883  0.35981400  -1.93142660  -0.10141451  -0.34903813  0.02555091  -0.01236930  511
24.3000  -0.11387855  -0.33348145  0.35238927  -1.89986437  -0.08832763  -0.34585075  0.02555091  -0.01236930  512
24.4000  -0.10095036  -0.32995636  0.34505387  -1.86770345  -0.07539945  -0.34232566  0.02555091  -0.01236930  512
24.5000  -0.08815812  -0.32612194  0.33782743  -1.83480880  -0.06269054  -0.33849124  0.02546759  -0.01236930  509
24.6000  -0.07546889  -0.32198675  0.33071290  -1.80102546  -0.04987739  -0.33435605  0.02559150  -0.01236930  509
24.7000  -0.06285361  -0.31755120  0.32371182  -1.76620283  -0.03740005  -0.32992051  0.02545356  -0.01236930  512
24.8000  -0.05028871  -0.31282540  0.31684174  -1.73018910  -0.02483515  -0.32519471  0.02545356  -0.01236930  510
24.9000  -0.03775017  -0.30779537  0.31010170  -1.69283383  -0.01229661  -0.32016467  0.02545356  -0.01236930  509
25.0000  -0.02522206  -0.30244754  0.30349739  -1.65399697  0.00023150  -0.31481684  0.02545356  -0.01236930  508
25.1000  -0.01268967  -0.29676753  0.29703871  -1.61352994  0.01276389  -0.30942081  0.02545356  -0.01265328  503
25.2000  -0.00013371  -0.29073261  0.29073264  -1.57125622  0.02531985  -0.30338589  0.02545356  -0.01265328  503
25.3000  0.01243685  -0.28432475  0.28459662  -1.52708249  0.03789041  -0.29697803  0.02545356  -0.01265328  508
25.4000  0.02501643  -0.27752354  0.27864877  -1.48089763  0.05056017  -0.29017682  0.02554374  -0.01265328  506
25.5000  0.03759686  -0.27030131  0.27290350  -1.43259065  0.06314059  -0.28302282  0.02554374  -0.01272152  508
25.6000  0.05015609  -0.26264002  0.26738626  -1.38209935  0.07567634  -0.27524138  0.02552025  -0.01260136  507
25.7000  0.06266366  -0.25451859  0.26211915  -1.32939296  0.08818391  -0.26719179  0.02552025  -0.01267320  504
25.8000  0.07508923  -0.24591585  0.25712448  -1.27444289  0.10060949  -0.25858905  0.02552025  -0.01267320  509
25.9000  0.08739240  -0.23682608  0.25243618  -1.21728298  0.11291813  -0.24949928  0.02552572  -0.01267320  509
26.0000  0.09953073  -0.22723844  0.24807998  -1.15796520  0.12497796  -0.23991164  0.02544722  -0.01267320  508
26.1000  0.11145735  -0.21715470  0.24408790  -1.09659517  0.13690457  -0.22982790  0.02544722  -0.01267320  510
26.2000  0.12311353  -0.20657576  0.24047970  -1.03334329  0.14850834  -0.21924896  0.02539482  -0.01267320  508
26.3000  0.13444684  -0.19551386  0.23727963  -0.96840109  0.15984166  -0.20818706  0.02539482  -0.01267320  507
26.4000  0.14539186  -0.18398386  0.23449702  -0.90203346  0.17078668  -0.19665706  0.02539482  -0.01267320  507
26.5000  0.15588441  -0.17201119  0.23213745  -0.83454124  0.18120504  -0.18468439  0.02532063  -0.01267320  507
26.6000  0.16585634  -0.15963671  0.23020036  -0.76629218  0.19117697  -0.17230991  0.02532063  -0.01267320  508
26.7000  0.17525154  -0.14690055  0.22867636  -0.69761932  0.20057218  -0.15957375  0.02532063  -0.01267320  508
26.8000  0.18400794  -0.13385244  0.22754208  -0.62889754  0.20932857  -0.14652564  0.02532063  -0.01267320  510
26.9000  0.19206760  -0.12054960  0.22676457  -0.56049660  0.21738823  -0.13322280  0.02532063  -0.01267320  506
27.0000  0.19937758  -0.10705516  0.22630119  -0.49276639  0.22469822  -0.11972836  0.02532063  -0.01267320  506
27.1000  0.20588676  -0.09344050  0.22609840  -0.42604611  0.23120740  -0.10611370  0.02532063  -0.01267320  510
27.2000  0.21154818  -0.07978188  0.22609242  -0.36063973  0.23686881  -0.09245508  0.02532063  -0.01267320  507
27.3000  0.21632589  -0.06616171  0.22621729  -0.29680849  0.24164652  -0.07885975  0.02532063  -0.01269804  509
27.4000  0.22019035  -0.05266150  0.22640014  -0.23475392  0.24551099  -0.06532146  0.02532063  -0.01265996  507
27.5000  0.22311525  -0.03936776  0.22656177  -0.17464821  0.24843588  -0.05202772  0.02532063  -0.01265996  509
27.6000  0.22508773  -0.02636946  0.22662708  -0.11662033  0.25040837  -0.03902941  0.02532063  -0.01265996  505
27.7000  0.22609946  -0.01375525  0.22651749  -0.06076226  0.25142010  -0.02641520  0.02532063  -0.01265996  508
27.8000  0.22615631  -0.00160932  0.22616203  -0.00711583  0.25142326  -0.01426927  0.02526695  -0.01265996  504
27.9000  0.22526873  0.00998415  0.22548987  0.04429206  0.25052982  -0.00267581  0.02526109  -0.01265996  507
28.0000  0.22345033  0.02095030  0.22443031  0.09348491  0.24871142  0.00829034  0.02526109  -0.01265996  508
28.1000  0.22074102  0.03120909  0.22293632  0.14045240  0.24600211  0.01854914  0.02526109  -0.01265996  507
28.2000  0.21717538  0.04069021  0.22095438  0.18521372  0.24243647  0.02803025  0.02526109  -0.01265996  511
28.3000  0.21280074  0.04933650  0.21844507  0.22781869  0.23806183  0.03667654  0.02526109  -0.01265996  509
28.4000  0.20766874  0.05709268  0.21537381  0.26829356  0.23292983  0.04443272  0.02526109  -0.01265996  509
28.5000  0.20184443  0.06391764  0.21172302  0.30667739  0.22710552  0.05125768  0.02526109  -0.01265996  510
28.6000  0.19538734  0.06977443  0.20747213  0.34299326  0.22064843  0.05711448  0.02526109  -0.01265996  511
28.7000  0.18836635  0.07463757  0.20261453  0.37725753  0.21367573  0.06197761  0.02530938  -0.01265996  508
28.8000  0.18085839  0.07850016  0.19715992  0.40950441  0.20616777  0.06584020  0.02530938  -0.01265996  511
28.9000  0.17293581  0.08135611  0.19111675  0.43972208  0.19844135  0.06869615  0.02550554  -0.01265996  509
29.0000  0.16467427  0.08322421  0.18450985  0.46794781  0.19017981  0.07056426  0.02550554  -0.01265996  510
29.1000  0.15615145  0.08411487  0.17736569  0.49410676  0.18165699  0.07145491  0.02550554  -0.01265996  510
29.2000  0.14744396  0.08405865  0.16972206  0.51814836  0.17294949  0.07139869  0.02550554  -0.01265996  506
29.3000  0.13862752  0.08309639  0.16162487  0.53999443  0.16413306  0.07043644  0.02550554  -0.01265996  507
29.4000  0.12977501  0.08127703  0.15312580  0.55952775  0.15512782  0.06867674  0.02535281  -0.01260029  510
29.5000  0.12095034  0.07865474  0.14427596  0.57659035  0.14658109  0.06605445  0.02563075  -0.01260029  503
29.6000  0.11222382  0.07531503  0.13515376  0.59107552  0.13779670  0.06271474  0.02557288  -0.01260029  505
29.7000  0.10365511  0.07132410  0.12582332  0.60268826  0.12922799  0.05872381  0.02557288  -0.01260029  505
29.8000  0.09529682  0.06676078  0.11635500  0.61109917  0.12086970  0.05416049  0.02557288  -0.01260029  506
29.9000  0.08719711  0.06171228  0.10682576  0.61589713  0.11276999  0.04911199  0.02557288  -0.01260029  504
30.0000  0.07939684  0.05626610  0.09731255  0.61652061  0.10504772  0.04366581  0.02565087  -0.01260029  504
30.1000  0.07192975  0.05052218  0.08789982  0.61232299  0.09764292  0.03792189  0.02571317  -0.01260029  504
30.2000  0.06482189  0.04456403  0.07866276  0.60227667  0.09053505  0.03196374  0.02571317  -0.01260029  505
30.3000  0.05809689  0.03848274  0.06968622  0.58503522  0.08381006  0.02580210  0.02571317  -0.01268063  507
30.4000  0.05176080  0.03236785  0.06104800  0.55884028  0.07747397  0.01968721  0.02571317  -0.01268063  508
30.5000  0.04582116  0.02631219  0.05283853  0.52126046  0.07155873  0.01395529  0.02573757  -0.01235690  508
30.6000  0.04026174  0.02039654  0.04513343  0.46891257  0.06604495  0.00796547  0.02578322  -0.01243107  510
30.7000  0.03509547  0.01469719  0.03804865  0.39658814  0.06087869  0.00233219  0.02578322  -0.01236500  508
30.8000  0.03030507  0.00928457  0.03169543  0.29729087  0.05608828  -0.00308042  0.02578322  -0.01236500  509
30.9000  0.02587543  0.00422176  0.02621758  0.16173192  0.05165865  -0.00814324  0.02578322  -0.01236500  509
31.0000  0.02179105  -0.00043505  0.02179539  -0.01996211  0.04757426  -0.01274773  0.02578322  -0.01231267  510
31.1000  0.01802560  -0.00463763  0.01861263  -0.25181881  0.04380882  -0.01695030  0.02578322  -0.01231267  511
31.2000  0.01456113  -0.00834621  0.01678349  -0.52046833  0.04034435  -0.02065888  0.02578322  -0.01231267  509
31.3000  0.01136860  -0.01153022  0.01619232  -0.79245585  0.03715182  -0.02403803  0.02578322  -0.01250781  507
31.4000  0.00843435  -0.01416860  0.01648901  -1.03385100  0.03421757  -0.02665509  0.02578322  -0.01248649  509
31.5000  0.00572208  -0.01624672  0.01722493  -1.23216399  0.03150529  -0.02870860  0.02578322  -0.01246188  506
31.6000  0.00320518  -0.01776292  0.01804978  -1.39227499  0.02898840  -0.03022480  0.02578322  -0.01246188  508
31.7000  0.00085579  -0.01872723  0.01874678  -1.52513021  0.02663901  -0.03111234  0.02578322  -0.01238510  505
31.8000  -0.00133512  -0.01915655  0.01920302  -1.64037911  0.02444809  -0.03154165  0.02578322  -0.01238510  508
31.9000  -0.00338279  -0.01907299  0.01937066  -1.74633096  0.02240043  -0.03145810  0.02578322  -0.01238510  507
32.0000  -0.00529900  -0.01850501  0.01924876  -1.84968819  0.02048422  -0.03089011  0.02578322  -0.01238510  511
32.1000  -0.00708190  -0.01748618  0.01886583  -1.95560552  0.01870132  -0.02987128  0.02578322  -0.01238510  509
32.2000  -0.00873457  -0.01605659  0.01827858  -2.06901088  0.01704865  -0.02844169  0.02578322  -0.01238510  510
32.3000  -0.01024976  -0.01425805  0.01755988  -2.19407819  0.01540849  -0.02664315  0.02565825  -0.01238510  508
32.4000  -0.01161939  -0.01214484  0.01680795  -2.33408731  0.01403886  -0.02452994  0.02565825  -0.01238510  510
32.5000  -0.01283226  -0.00975661  0.01612012  -2.49151993  0.01282599  -0.02214171  0.02565825  -0.01238510  510
32.6000  -0.01386773  -0.00714126  0.01559845  -2.66605289  0.01179051  -0.01952636  0.02565825  -0.01238510  509
32.7000  -0.01470350  -0.00434514  0.01533210  -2.85425356  0.01095475  -0.01673024  0.02565825  -0.01238510  510
32.8000  -0.01531265  -0.00141673  0.01537805  -3.04933489  0.01030422  -0.01370890  0.02561687  -0.01229217  508
32.9000  -0.01566906  0.00160869  0.01575142  3.03928462  0.00986450  -0.01071322  0.02553356  -0.01232191  508
33.0000  -0.01574494  0.00468209  0.01642635  2.85254951  0.00978862  -0.00747183  0.02553356  -0.01215392  504
33.1000  -0.01552590  0.00777307  0.01736301  2.67742360  0.01000766  -0.00437722  0.02553356  -0.01215029  501
33.2000  -0.01498168  0.01085179  0.01849898  2.51471878  0.01055188  -0.00129850  0.02553356  -0.01215029  504
33.3000  -0.01407759  0.01388830  0.01977532  2.36296283  0.01145597  0.00173801  0.02553356  -0.01215029  506
33.4000  -0.01277904  0.01686216  0.02115741  2.21930454  0.01275452  0.00471186  0.02553356  -0.01215029  508
33.5000  -0.01104474  0.01975841  0.02263583  2.08051476  0.01448882  0.00760812  0.02553356  -0.01215029  505
33.6000  -0.00884079  0.02257394  0.02424340  1.94407266  0.01669276  0.01042365  0.02553356  -0.01215029  508
33.7000  -0.00614346  0.02530969  0.02604463  1.80892242  0.01939010  0.01315940  0.02553356  -0.01215029  509
33.8000  -0.00293626  0.02797451  0.02812819  1.67537522  0.02259730  0.01582422  0.02553356  -0.01215029  506
33.9000  0.00079460  0.03058624  0.03059656  1.54482316  0.02632816  0.01843595  0.02553356  -0.01215029  510
34.0000  0.00505484  0.03316862  0.03355158  1.41956175  0.03061501  0.02101832  0.02556018  -0.01215029  508
34.1000  0.00984158  0.03574107  0.03707129  1.30209769  0.03540175  0.02359078  0.02556018  -0.01215029  509
34.2000  0.01514433  0.03834077  0.04122336  1.19461397  0.04070450  0.02619048  0.02556018  -0.01215029  511
34.3000  0.02094636  0.04100139  0.04604198  1.09849088  0.04650654  0.02893179  0.02556018  -0.01206960  507
34.4000  0.02721845  0.04376097  0.05153510  1.01437160  0.05277863  0.03169137  0.02556018  -0.01206960  511
34.5000  0.03392884  0.04666110  0.05769250  0.94209126  0.05944946  0.03459150  0.02552062  -0.01206960  510
34.6000  0.04103526  0.04973862  0.06448118  0.88098548  0.06655681  0.03766902  0.02552155  -0.01206960  511
34.7000  0.04848737  0.05303796  0.07186133  0.83019039  0.07393084  0.04096836  0.02544347  -0.01206960  509
34.8000  0.05622704  0.05659824  0.07977995  0.78868815  0.08175387  0.04452864  0.02552683  -0.01206960  511
34.9000  0.06418824  0.06046122  0.08817987  0.75550702  0.08961807  0.04839162  0.02542983  -0.01206960  509
35.0000  0.07230121  0.06465981  0.09699668  0.72966345  0.09768361  0.05259021  0.02538240  -0.01206960  507
35.1000  0.08048694  0.06923284  0.10616654  0.71037154  0.10586934  0.05716324  0.02538240  -0.01206960  508
35.2000  0.08866192  0.07420619  0.11561788  0.69687284  0.11404432  0.06213659  0.02538240  -0.01206960  512
35.3000  0.09673763  0.07960359  0.12527929  0.68853813  0.12212003  0.06753399  0.02538240  -0.01206960  510
35.4000  0.10462329  0.08544065  0.13507826  0.68481148  0.13000569  0.07337105  0.02538240  -0.01206960  509
35.5000  0.11222483  0.09172635  0.14494183  0.68522773  0.13751326  0.07965675  0.02528843  -0.01206960  508
35.6000  0.11945283  0.09845958  0.15480073  0.68935651  0.14474126  0.08638998  0.02528843  -0.01206960  510
35.7000  0.12621698  0.10563969  0.16459182  0.69688005  0.15150540  0.09357009  0.02528843  -0.01206960  508
35.8000  0.13242663  0.11325453  0.17425097  0.70751948  0.15771506  0.10118493  0.02528843  -0.01206960  509
35.9000  0.13799679  0.12128495  0.18372031  0.72103286  0.16328521  0.10921535  0.02528843  -0.01206960  511
36.0000  0.14284682  0.12970296  0.19294577  0.73720999  0.16813524  0.11763337  0.02528843  -0.01206960  508
36.1000  0.14689609  0.13847648  0.20187669  0.75590277  0.17218452  0.12640688  0.02528843  -0.01206960  506
36.2000  0.15007534  0.14756091  0.21046812  0.77695037  0.17536377  0.13549131  0.02528843  -0.01206960  508
36.3000  0.15232452  0.15691443  0.21868904  0.80023966  0.17761295  0.14484483  0.02528843  -0.01206960  507
36.4000  0.15358720  0.16647930  0.22650472  0.82565584  0.17887563  0.15440970  0.02528843  -0.01206960  509
36.5000  0.15381937  0.17619673  0.23389247  0.85310141  0.17905404  0.16412713  0.02523467  -0.01206960  508
36.6000  0.15298749  0.18600254  0.24083629  0.88248437  0.17822216  0.17387683  0.02523467  -0.01212571  510
36.7000  0.15106307  0.19583244  0.24732649  0.91374595  0.17629774  0.18379686  0.02523467  -0.01203557  510
36.8000  0.14803234  0.20561734  0.25336153  0.94681217  0.17326701  0.19358176  0.02523467  -0.01203557  509
36.9000  0.14389478  0.21528816  0.25894923  0.98160696  0.16912946  0.20325259  0.02523467  -0.01203557  507
37.0000  0.13865212  0.22477334  0.26409745  1.01807696  0.16388679  0.21273777  0.02523467  -0.01203557  506
37.1000  0.13232132  0.23399824  0.26881984  1.05614601  0.15755600  0.22196266  0.02523467  -0.01203557  504
37.2000  0.12492449  0.24289832  0.27314048  1.09576813  0.15015916  0.23086274  0.02523467  -0.01203557  502
37.3000  0.11649337  0.25140795  0.27708602  1.13688470  0.14172805  0.23937238  0.02523467  -0.01203557  500
37.4000  0.10706464  0.25946591  0.28068736  1.17944562  0.13229931  0.24749031  0.02523467  -0.01197560  501
37.5000  0.09669130  0.26700784  0.28397605  1.22335722  0.12192598  0.25493772  0.02523467  -0.01207012  504
37.6000  0.08543876  0.27398114  0.28699381  1.26851125  0.11054508  0.26191102  0.02510632  -0.01207012  504
37.7000  0.07336525  0.28033009  0.28977132  1.31482701  0.09847157  0.26825997  0.02510632  -0.01207012  501
37.8000  0.06053886  0.28601819  0.29235485  1.36221392  0.08564519  0.27394806  0.02510632  -0.01207012  500
37.9000  0.04703745  0.29100236  0.29477940  1.41054299  0.07214377  0.27893223  0.02510632  -0.01207012  508
38.0000  0.03294158  0.29525586  0.29708782  1.45968624  0.05804790  0.28318574  0.02510632  -0.01207012  505
38.1000  0.01833799  0.29875642  0.29931869  1.50949216  0.04344431  0.28668630  0.02510632  -0.01207012  502
38.2000  0.00331044  0.30148966  0.30150783  1.55981651  0.02841676  0.28941954  0.02510632  -0.01207012  506
38.3000  -0.01206472  0.30344878  0.30368853  1.61053407  0.01304160  0.29137866  0.02510632  -0.01207012  503
38.4000  -0.02770797  0.30463419  0.30589168  1.66150165  -0.00260165  0.29256407  0.02510632  -0.01207012  503
38.5000  -0.04354223  0.30505181  0.30814368  1.71257579  -0.01843591  0.29298168  0.02510632  -0.01207012  507
38.6000  -0.05949747  0.30471448  0.31046878  1.76362666  -0.03439115  0.29264436  0.02510632  -0.01207012  504
38.7000  -0.07550732  0.30364018  0.31288770  1.81452629  -0.05040100  0.29157006  0.02510632  -0.01207012  511
38.8000  -0.09151201  0.30185073  0.31541768  1.86515861  -0.06640569  0.28978061  0.02510632  -0.01207012  510
38.9000  -0.10745514  0.29937577  0.31807618  1.91540493  -0.08229051  0.28730565  0.02516463  -0.01207012  511
39.0000  -0.12328757  0.29624270  0.32087312  1.96516488  -0.09812293  0.28417257  0.02516463  -0.01207012  509
39.1000  -0.13896764  0.29248207  0.32381749  2.01435249  -0.11380301  0.28041195  0.02516463  -0.01207012  509
39.2000  -0.15445835  0.28812814  0.32691774  2.06288589  -0.12929372  0.27605802  0.02516463  -0.01207012  509
39.3000  -0.16973086  0.28321703  0.33018245  2.11069810  -0.14456623  0.27114691  0.02516463  -0.01207012  509
39.4000  -0.18476363  0.27777776  0.33361368  2.15774758  -0.15959900  0.26570764  0.02516463  -0.01207012  506
39.5000  -0.19954279  0.27184620  0.33722052  2.20399692  -0.17437816  0.25977608  0.02516463  -0.01207012  510
39.6000  -0.21405730  0.26544626  0.34100182  2.24943081  -0.18888012  0.25337614  0.02517718  -0.01207012  507
39.7000  -0.22830207  0.25861388  0.34496808  2.29402207  -0.20312489  0.24654376  0.02517718  -0.01207012  506
39.8000  -0.24227731  0.25136784  0.34911901  2.33778146  -0.21710013  0.23929772  0.02517718  -0.01207012  510
39.9000  -0.25598518  0.24373272  0.35346011  2.38070833  -0.23080800  0.23166260  0.02517718  -0.01207012  511
40.0000  -0.26943297  0.23572493  0.35799492  2.42282346  -0.24425579  0.22365480  0.02517718  -0.01207012  510
40.1000  -0.28262918  0.22735822  0.36272719  2.46415024  -0.25745200  0.21528810  0.02517718  -0.01207012  510
40.2000  -0.29558426  0.21864212  0.36766075  2.50471961  -0.27040708  0.20657200  0.02517718  -0.01207012  508
40.3000  -0.30830754  0.20957937  0.37279625  2.54457073  -0.28313036  0.19750924  0.02517718  -0.01207012  510
40.4000  -0.32080879  0.20016212  0.37813113  2.58376338  -0.29563161  0.18809200  0.02517718  -0.01207012  508
40.5000  -0.33309458  0.19040074  0.38367231  2.62230854  -0.30814732  0.17833062  0.02494726  -0.01207012  504
40.6000  -0.34517014  0.18026622  0.38940767  2.66030136  -0.32034321  0.16819610  0.02482693  -0.01207012  507
40.7000  -0.35703133  0.16975435  0.39533265  2.69776854  -0.33220440  0.15802350  0.02482693  -0.01173084  506
40.8000  -0.36869812  0.15885392  0.40146341  2.73477668  -0.34387119  0.14712308  0.02482693  -0.01173084  508
40.9000  -0.38014469  0.14754509  0.40777388  2.77136179  -0.35531776  0.13581425  0.02482693  -0.01173084  506
41.0000  -0.39135677  0.13580748  0.41425089  2.80757770  -0.36652985  0.12407664  0.02482693  -0.01173084  505
41.1000  -0.40231400  0.12361999  0.42087820  2.84347735  -0.37748707  0.11188915  0.02482693  -0.01173084  507
41.2000  -0.41299353  0.11096057  0.42763992  2.87911725  -0.38816660  0.09922973  0.02482693  -0.01173084  509
41.3000  -0.42336361  0.09780844  0.43451494  2.91454904  -0.39853668  0.08607760  0.02482693  -0.01173084  509
41.4000  -0.43338797  0.08414263  0.44148060  2.94982759  -0.40856105  0.07248920  0.02482693  -0.01165342  508
41.5000  -0.44302035  0.06994001  0.44850712  2.98501406  -0.41818912  0.05828658  0.02483123  -0.01165342  502
41.6000  -0.45220706  0.05519881  0.45556353  3.02012821  -0.42739028  0.04352274  0.02481678  -0.01167606  504
41.7000  -0.46089295  0.03989610  0.46261648  3.05524528  -0.43607617  0.02800019  0.02481678  -0.01189591  501
41.8000  -0.46900444  0.02402227  0.46961924  3.09041767  -0.44418766  0.01212636  0.02481678  -0.01189591  506
41.9000  -0.47648563  0.00757588  0.47654585  3.12569451  -0.45166885  -0.00432004  0.02481678  -0.01189591  506
42.0000  -0.48327249  -0.00943770  0.48336463  -3.12206640  -0.45845571  -0.02126540  0.02481678  -0.01182770  504
42.1000  -0.48928018  -0.02700789  0.49002502  -3.08644938  -0.46446340  -0.03883560  0.02481678  -0.01182770  507
42.2000  -0.49442827  -0.04512106  0.49648285  -3.05058568  -0.46961149  -0.05694876  0.02481678  -0.01182770  505
42.3000  -0.49864211  -0.06374920  0.50270062  -3.01443683  -0.47382533  -0.07557690  0.02481678  -0.01182770  506
42.4000  -0.50184383  -0.08286166  0.50863865  -2.97795464  -0.47696406  -0.09468936  0.02487976  -0.01182770  505
42.5000  -0.50395508  -0.10241658  0.51425663  -2.94109747  -0.47907532  -0.11424429  0.02487976  -0.01182770  507
42.6000  -0.50490164  -0.12237010  0.51951911  -2.90381340  -0.48002188  -0.13419781  0.02487976  -0.01182770  506
42.7000  -0.50461297  -0.14266841  0.52439348  -2.86605572  -0.47973321  -0.15449611  0.02487976  -0.01182770  506
42.8000  -0.50302296  -0.16325250  0.52885109  -2.82777431  -0.47814320  -0.17508020  0.02487976  -0.01182770  508
42.9000  -0.50007154  -0.18405595  0.53286784  -2.78892087  -0.47532234  -0.19591899  0.02474919  -0.01186304  509
43.0000  -0.49570367  -0.20500826  0.53642382  -2.74944285  -0.47095448  -0.21698015  0.02474919  -0.01197189  506
43.1000  -0.48986984  -0.22602740  0.53950055  -2.70929658  -0.46512065  -0.23799929  0.02474919  -0.01197189  509
43.2000  -0.48254017  -0.24703031  0.54209685  -2.66844088  -0.45779098  -0.25898594  0.02474919  -0.01195563  506
43.3000  -0.47368972  -0.26793275  0.54421495  -2.62682927  -0.44894052  -0.27990331  0.02474919  -0.01197056  510
43.4000  -0.46329872  -0.28864538  0.54585883  -2.58441686  -0.43854953  -0.30061593  0.02474919  -0.01197056  510
43.5000  -0.45136190  -0.30908205  0.54704596  -2.54115700  -0.42676214  -0.32105260  0.02459976  -0.01197056  504
43.6000  -0.43788265  -0.32915516  0.54779954  -2.49700621  -0.41316434  -0.34112572  0.02471830  -0.01197056  508
43.7000  -0.42288083  -0.34876529  0.54814726  -2.45194936  -0.39809200  -0.36073585  0.02478883  -0.01197056  508
43.8000  -0.40637637  -0.36782770  0.54812314  -2.40594476  -0.38121448  -0.37979826  0.02516190  -0.01197056  507
43.9000  -0.38841322  -0.38624466  0.54776799  -2.35899386  -0.36302043  -0.39821522  0.02539279  -0.01197056  507
44.0000  -0.36904007  -0.40393764  0.54713453  -2.31107820  -0.34372165  -0.41590820  0.02531842  -0.01197056  509
44.1000  -0.34831745  -0.42084509  0.54629263  -2.26217818  -0.32286443  -0.43281565  0.02545302  -0.01197056  507
44.2000  -0.32631439  -0.43688015  0.54529381  -2.21232312  -0.30079946  -0.44885070  0.02551493  -0.01197056  505
44.3000  -0.30310857  -0.45199113  0.54421575  -2.16152213  -0.27759364  -0.46396168  0.02551493  -0.01197056  511
44.4000  -0.27878458  -0.46611325  0.54312283  -2.10982115  -0.25321088  -0.47808381  0.02557371  -0.01197056  509
44.5000  -0.25343797  -0.47920191  0.54209342  -2.05727631  -0.22786427  -0.49117246  0.02557371  -0.01197056  507
44.6000  -0.22716447  -0.49121194  0.54119577  -2.00396118  -0.20159076  -0.50318250  0.02557371  -0.01197056  509
44.7000  -0.20006973  -0.50210739  0.54049952  -1.94997445  -0.17449603  -0.51407795  0.02557371  -0.01197056  510
44.8000  -0.17225750  -0.51186219  0.54006994  -1.89542202  -0.14668379  -0.52383274  0.02557371  -0.01197056  505
44.9000  -0.14383661  -0.52046066  0.53997062  -1.84043022  -0.11826290  -0.53247033  0.02557371  -0.01200968  507
45.0000  -0.11492082  -0.52788224  0.54024666  -1.78515330  -0.08934711  -0.53989192  0.02557371  -0.01200968  508
45.1000  -0.08561297  -0.53412125  0.54093908  -1.72973192  -0.06003927  -0.54614028  0.02557371  -0.01201904  507
45.2000  -0.05602858  -0.53917739  0.54208068  -1.67433962  -0.03045487  -0.55116539  0.02557371  -0.01198800  507
45.3000  -0.02627625  -0.54306160  0.54369692  -1.61914402  -0.00070254  -0.55501868  0.02557371  -0.01195708  505
45.4000  0.00354572  -0.54578611  0.54579763  -1.56429989  0.02911942  -0.55774320  0.02557371  -0.01195708  503
45.5000  0.03333443  -0.54737148  0.54838556  -1.50997234  0.05890814  -0.55932856  0.02557371  -0.01195708  505
45.6000  0.06299897  -0.54784211  0.55145249  -1.45630448  0.08857267  -0.55979919  0.02557371  -0.01195708  504
45.7000  0.09244805  -0.54722150  0.55497568  -1.40343578  0.11802654  -0.55917858  0.02557849  -0.01195708  505
45.8000  0.12159899  -0.54553909  0.55892684  -1.35148450  0.14717749  -0.55749617  0.02557849  -0.01195708  503
45.9000  0.15037759  -0.54282679  0.56327111  -1.30054675  0.17599257  -0.55478387  0.02561498  -0.01195708  506
46.0000  0.17871230  -0.53911302  0.56796209  -1.25070281  0.20432728  -0.55107010  0.02561498  -0.01195708  502
46.1000  0.20654169  -0.53443012  0.57295290  -1.20200709  0.23215667  -0.54638720  0.02561498  -0.01195708  502
46.2000  0.23381349  -0.52881042  0.57819478  -1.15448966  0.25942847  -0.54076750  0.02561498  -0.01195708  500
46.3000  0.26047899  -0.52228159  0.58363290  -1.10816294  0.28609397  -0.53423867  0.02561498  -0.01195708  503
46.4000  0.28649955  -0.51487065  0.58921455  -1.06301492  0.31211453  -0.52682774  0.02561498  -0.01195708  502
46.5000  0.31183928  -0.50659774  0.59488235  -1.01901704  0.33745426  -0.51855482  0.02561498  -0.01195708  500
46.6000  0.33647192  -0.49748386  0.60058600  -0.97612158  0.36208690  -0.50944094  0.02561498  -0.01195708  503
46.7000  0.36037393  -0.48754652  0.60627632  -0.93427026  0.38590173  -0.49950360  0.02552780  -0.01195708  507
46.8000  0.38353087  -0.47679723  0.61190811  -0.89338435  0.40895618  -0.48875432  0.02542531  -0.01195708  511
46.9000  0.40592947  -0.46523741  0.61743387  -0.85337201  0.43138533  -0.47719449  0.02545586  -0.01195708  505
47.0000  0.42756046  -0.45286641  0.62281291  -0.81413307  0.45320478  -0.46482349  0.02564433  -0.01195708  508
47.1000  0.44841641  -0.43968154  0.62801045  -0.77556301  0.47413320  -0.45163863  0.02571680  -0.01195708  505
47.2000  0.46849138  -0.42567313  0.63299431  -0.73754840  0.49420818  -0.43742176  0.02571680  -0.01174862  504
47.3000  0.48777004  -0.41082958  0.63773078  -0.69998386  0.51348684  -0.42267080  0.02571680  -0.01184122  508
47.4000  0.50626393  -0.39513904  0.64221339  -0.66273714  0.53198073  -0.40698026  0.02571680  -0.01184122  507
47.5000  0.52396085  -0.37858302  0.64642098  -0.62569429  0.54967765  -0.39042424  0.02571680  -0.01184122  508
47.6000  0.54085314  -0.36114379  0.65034372  -0.58873829  0.56656994  -0.37298501  0.02571680  -0.01184122  503
47.7000  0.55693093  -0.34280019  0.65397556  -0.55175065  0.58264773  -0.35464141  0.02571680  -0.01184122  507
47.8000  0.57218304  -0.32352772  0.65731546  -0.51461012  0.59789984  -0.33536893  0.02571680  -0.01184122  505
47.9000  0.58659205  -0.30330427  0.66036635  -0.47720360  0.61235547  -0.31514549  0.02576342  -0.01184122  507
48.0000  0.60013590  -0.28211130  0.66313640  -0.43942562  0.62596838  -0.29395252  0.02583248  -0.01184122  502
48.1000  0.61279047  -0.25992928  0.66563908  -0.40117011  0.63862295  -0.27177050  0.02583248  -0.01184122  504
48.2000  0.62453085  -0.23674234  0.66789649  -0.36233610  0.65036333  -0.24858356  0.02583248  -0.01184122  510
48.3000  0.63532640  -0.21254386  0.66993621  -0.32283865  0.66115888  -0.22438508  0.02583248  -0.01184122  509
48.4000  0.64513934  -0.18732844  0.67178621  -0.28259772  0.67102465  -0.19916966  0.02588532  -0.01184122  507
48.5000  0.65392604  -0.16110566  0.67347925  -0.24155626  0.67977993  -0.17284745  0.02585389  -0.01174179  506
48.6000  0.66164883  -0.13387401  0.67505661  -0.19963872  0.68750556  -0.14555939  0.02585673  -0.01168538  505
48.7000  0.66824565  -0.10565067  0.67654587  -0.15680364  0.69412171  -0.11733605  0.02587606  -0.01168538  507
48.8000  0.67367701  -0.07646756  0.67800295  -0.11302401  0.69955306  -0.08815294  0.02587606  -0.01168538  507
48.9000  0.67789223  -0.04635761  0.67947546  -0.06827862  0.70381728  -0.05804299  0.02592505  -0.01168538  507
49.0000  0.68083761  -0.01536806  0.68101104  -0.02256845  0.70676267  -0.02701465  0.02592505  -0.01164659  509
49.1000  0.68246169  0.01644110  0.68265970  0.02408622  0.70838675  0.00468917  0.02592505  -0.01175193  509
49.2000  0.68271571  0.04900614  0.68447231  0.07165828  0.70864076  0.03725421  0.02592505  -0.01175193  506
49.3000  0.68154803  0.08225149  0.68649328  0.12010251  0.70747308  0.07049956  0.02592505  -0.01175193  508
49.4000  0.67891822  0.11609179  0.68877228  0.16935730  0.70484327  0.10433986  0.02592505  -0.01175193  510
49.5000  0.67477681  0.15043022  0.69134144  0.21934645  0.70045465  0.13867829  0.02567784  -0.01175193  504
49.6000  0.66908612  0.18515350  0.69423199  0.26997012  0.69485353  0.17340157  0.02576741  -0.01175193  502
49.7000  0.66181186  0.22016760  0.69747309  0.32115704  0.68757927  0.20896509  0.02576741  -0.01120251  503
49.8000  0.65290286  0.25534864  0.70105996  0.37280828  0.67867027  0.24414613  0.02576741  -0.01120251  505
49.9000  0.64236122  0.29057043  0.70502419  0.42480431  0.66806032  0.27940763  0.02569910  -0.01116280  506
50.0000  0.63017528  0.32569750  0.70936574  0.47702580  0.65587438  0.31453470  0.02569910  -0.01116280  504
