# PauliOperators.jl SparsePauliVector correlation data
# C(t) = <psi | A B(t) | psi>
# Corrected C(t) = raw C(t) - accumulated truncation change
#
# time  Re_C  Im_C  Abs_C  Phase_C  Re_C_raw  Im_C_raw  Re_accumulated_correction  Im_accumulated_correction  n_terms
0.0000  1.00000000  0.00000000  1.00000000  0.00000000  1.00000000  0.00000000  0.00000000  0.00000000  2
0.1000  0.99884856  0.04796164  0.99999938  0.04798007  0.99895773  0.04796380  0.00010917  0.00000216  14
0.2000  0.99539676  0.09579401  0.99999560  0.09594155  0.99556351  0.09580479  0.00016676  0.00001078  16
0.3000  0.98965312  0.14337092  0.99998426  0.14386897  0.98969210  0.14339581  0.00003898  0.00002489  16
0.4000  0.98163617  0.19056516  0.99996233  0.19174514  0.98149823  0.19060994  -0.00013794  0.00004477  16
0.5000  0.97136461  0.23724800  0.99991791  0.23955203  0.97100240  0.23732037  -0.00036221  0.00007237  20
0.6000  0.95886544  0.28329627  0.99983984  0.28727677  0.95823393  0.28340522  -0.00063151  0.00010896  20
0.7000  0.94417146  0.32858888  0.99971516  0.33490823  0.94322841  0.32874465  -0.00094304  0.00015578  20
0.8000  0.92731537  0.37300721  0.99952397  0.38243951  0.92602263  0.37322120  -0.00129273  0.00021399  20
0.9000  0.90834540  0.41643539  0.99925463  0.42986273  0.90687099  0.41671995  -0.00147442  0.00028456  22
1.0000  0.88730531  0.45877107  0.99889019  0.47718537  0.88583089  0.45912804  -0.00147442  0.00035696  26
1.1000  0.86423729  0.49991484  0.99840921  0.52442039  0.86276288  0.50033486  -0.00147442  0.00042001  26
1.2000  0.83919675  0.53976220  0.99779478  0.57157233  0.83772233  0.54023502  -0.00147442  0.00047281  26
1.3000  0.81224449  0.57821242  0.99703095  0.61864801  0.81077007  0.57872705  -0.00147442  0.00051463  26
1.4000  0.78344686  0.61516891  0.99610330  0.66565626  0.78197245  0.61571380  -0.00147442  0.00054489  26
1.5000  0.75287425  0.65053957  0.99499818  0.71260860  0.75139983  0.65110273  -0.00147442  0.00056315  26
1.6000  0.72060132  0.68423699  0.99370344  0.75951888  0.71912690  0.68459417  -0.00147442  0.00035718  32
1.7000  0.68671845  0.71617893  0.99221696  0.80639482  0.68524403  0.71650784  -0.00147442  0.00032891  32
1.8000  0.65129898  0.74628841  0.99052347  0.85326052  0.64982456  0.74657602  -0.00147442  0.00028761  32
1.9000  0.61443007  0.77449356  0.98861751  0.90013485  0.61295565  0.77472725  -0.00147442  0.00023369  32
2.0000  0.57620242  0.80072812  0.98649620  0.94703802  0.57472800  0.80089593  -0.00147442  0.00016781  32
2.1000  0.53671005  0.82493157  0.98415942  0.99399128  0.53523563  0.82502239  -0.00147442  0.00009082  32
2.2000  0.49605001  0.84704932  0.98160999  1.04101659  0.49457560  0.84705314  -0.00147442  0.00000382  32
2.3000  0.45432221  0.86703283  0.97885371  1.08813629  0.45284779  0.86694097  -0.00147442  -0.00009185  32
2.4000  0.41162905  0.88483971  0.97589948  1.13537272  0.41015464  0.88464507  -0.00147442  -0.00019464  32
2.5000  0.36807526  0.90043385  0.97275923  1.18274786  0.36660085  0.90013113  -0.00147442  -0.00030271  32
2.6000  0.32376755  0.91378545  0.96944793  1.23028292  0.32229313  0.91337142  -0.00147442  -0.00041403  32
2.7000  0.27881436  0.92487112  0.96598346  1.27799794  0.27733994  0.92434484  -0.00147442  -0.00052628  32
2.8000  0.23332561  0.93367156  0.96238423  1.32591069  0.23173471  0.93303462  -0.00159090  -0.00063693  30
2.9000  0.18741249  0.94017523  0.95867247  1.37403755  0.18582159  0.93943204  -0.00159090  -0.00074319  32
3.0000  0.14118695  0.94438130  0.95487684  1.42239340  0.13959605  0.94353926  -0.00159090  -0.00084203  32
3.1000  0.09476144  0.94629199  0.95102485  1.47098932  0.09317054  0.94536179  -0.00159090  -0.00093020  32
3.2000  0.04824865  0.94591590  0.94714562  1.51983315  0.04665776  0.94511623  -0.00159090  -0.00079967  32
3.3000  0.00175050  0.94326761  0.94326923  1.56894054  0.00015961  0.94242052  -0.00159090  -0.00084709  32
3.4000  -0.04461036  0.93836783  0.93942763  1.61830093  -0.04620125  0.93749505  -0.00159090  -0.00087278  32
3.5000  -0.09072220  0.93124359  0.93565226  1.66791036  -0.09231310  0.93037090  -0.00159090  -0.00087269  32
3.6000  -0.13647425  0.92192785  0.93197435  1.71776042  -0.13806515  0.92108526  -0.00159090  -0.00084259  32
3.7000  -0.18175694  0.91045934  0.92842436  1.76783815  -0.18334784  0.90968125  -0.00159090  -0.00077809  32
3.8000  -0.22646224  0.89688239  0.92503144  1.81812595  -0.22805314  0.89620776  -0.00159090  -0.00067463  32
3.9000  -0.27048396  0.88125010  0.92182607  1.86860067  -0.27195365  0.88072261  -0.00146969  -0.00052749  32
4.0000  -0.31371821  0.86361658  0.91883225  1.91923575  -0.31519137  0.86327793  -0.00147316  -0.00033865  32
4.1000  -0.35606403  0.84403921  0.91606975  1.97000200  -0.35753719  0.84369597  -0.00147316  -0.00034325  32
4.2000  -0.39740961  0.82258323  0.91355217  2.02085212  -0.39888276  0.82211566  -0.00147316  -0.00046757  32
4.3000  -0.43765024  0.79931881  0.91128936  2.07174045  -0.43912340  0.79884718  -0.00147316  -0.00047163  32
4.4000  -0.47669574  0.77432051  0.90929153  2.12263002  -0.47816890  0.77395581  -0.00147316  -0.00036471  32
4.5000  -0.51445866  0.74766681  0.90756453  2.17348112  -0.51593182  0.74730210  -0.00147316  -0.00036471  32
4.6000  -0.55084458  0.71944008  0.90610362  2.22424306  -0.55231773  0.71907537  -0.00147316  -0.00036471  32
4.7000  -0.58576788  0.68972645  0.90490143  2.27486972  -0.58724104  0.68936174  -0.00147316  -0.00036471  32
4.8000  -0.61914691  0.65861540  0.90394532  2.32531555  -0.62062007  0.65825069  -0.00147316  -0.00036471  32
4.9000  -0.65090413  0.62619943  0.90321753  2.37553639  -0.65237729  0.62583473  -0.00147316  -0.00036471  32
5.0000  -0.68096637  0.59257381  0.90269536  2.42549033  -0.68243953  0.59220910  -0.00147316  -0.00036471  32
5.1000  -0.70926502  0.55783621  0.90235143  2.47513843  -0.71073817  0.55747151  -0.00147316  -0.00036471  32
5.2000  -0.73573619  0.52208646  0.90215409  2.52444547  -0.73720935  0.52172175  -0.00147316  -0.00036471  32
5.3000  -0.76032092  0.48542615  0.90206787  2.57338053  -0.76179408  0.48506145  -0.00147316  -0.00036471  32
5.4000  -0.78296530  0.44795840  0.90205398  2.62191748  -0.78443846  0.44759369  -0.00147316  -0.00036471  32
5.5000  -0.80362065  0.40978747  0.90207090  2.67003541  -0.80509381  0.40942276  -0.00147316  -0.00036471  32
5.6000  -0.82224362  0.37101846  0.90207498  2.71771888  -0.82371678  0.37065376  -0.00147316  -0.00036471  32
5.7000  -0.83879633  0.33175703  0.90202107  2.76495811  -0.84026949  0.33139232  -0.00147316  -0.00036471  32
5.8000  -0.85324646  0.29210901  0.90186318  2.81174908  -0.85471962  0.29174431  -0.00147316  -0.00036471  32
5.9000  -0.86556736  0.25218015  0.90155514  2.85809350  -0.86704052  0.25181544  -0.00147316  -0.00036471  32
6.0000  -0.87573806  0.21207576  0.90105121  2.90399874  -0.87721122  0.21171105  -0.00147316  -0.00036471  32
6.1000  -0.88374342  0.17190043  0.90030672  2.94947766  -0.88521657  0.17153572  -0.00147316  -0.00036471  32
6.2000  -0.88957406  0.13175774  0.89927866  2.99454841  -0.89104722  0.13139303  -0.00147316  -0.00036471  32
6.3000  -0.89322648  0.09174993  0.89792628  3.03923420  -0.89469964  0.09138523  -0.00147316  -0.00036471  32
6.4000  -0.89470301  0.05197765  0.89621155  3.08356301  -0.89617617  0.05161295  -0.00147316  -0.00036471  32
6.5000  -0.89401180  0.01253966  0.89409973  3.12756730  -0.89548495  0.01217495  -0.00147316  -0.00036471  32
6.6000  -0.89116681  -0.02646745  0.89155976  -3.11190161  -0.89263997  -0.02683216  -0.00147316  -0.00036471  32
6.7000  -0.88618777  -0.06494948  0.88856469  -3.06843258  -0.88766093  -0.06531419  -0.00147316  -0.00036471  32
6.8000  -0.87910010  -0.10281489  0.88509202  -3.02516686  -0.88057326  -0.10317960  -0.00147316  -0.00036471  32
6.9000  -0.86993484  -0.13997505  0.88112408  -2.98205714  -0.87140800  -0.14033976  -0.00147316  -0.00036471  32
7.0000  -0.85872855  -0.17634444  0.87664821  -2.93905313  -0.86020171  -0.17670915  -0.00147316  -0.00036471  32
7.1000  -0.84552321  -0.21184087  0.87165707  -2.89610195  -0.84699636  -0.21220557  -0.00147316  -0.00036471  32
7.2000  -0.83036608  -0.24638567  0.86614879  -2.85314836  -0.83183924  -0.24675038  -0.00147316  -0.00036471  32
7.3000  -0.81330958  -0.27990391  0.86012713  -2.81013514  -0.81478274  -0.28026861  -0.00147316  -0.00036471  32
7.4000  -0.79441110  -0.31232451  0.85360155  -2.76700341  -0.79588426  -0.31268922  -0.00147316  -0.00036471  32
7.5000  -0.77373285  -0.34358046  0.84658730  -2.72369302  -0.77520601  -0.34394517  -0.00147316  -0.00036471  32
7.6000  -0.75134167  -0.37360891  0.83910542  -2.68014292  -0.75281482  -0.37397361  -0.00147316  -0.00036471  32
7.7000  -0.72730880  -0.40235131  0.83118269  -2.63629165  -0.72878195  -0.40271602  -0.00147316  -0.00036471  32
7.8000  -0.70170970  -0.42975354  0.82285152  -2.59207788  -0.70318286  -0.43011825  -0.00147316  -0.00036471  32
7.9000  -0.67462384  -0.45576599  0.81414984  -2.54744095  -0.67609699  -0.45613070  -0.00147316  -0.00036471  32
8.0000  -0.64613437  -0.48034363  0.80512088  -2.50232163  -0.64760753  -0.48070834  -0.00147316  -0.00036471  32
8.1000  -0.61632798  -0.50344609  0.79581288  -2.45666281  -0.61780114  -0.50381080  -0.00147316  -0.00036471  32
8.2000  -0.58529454  -0.52503770  0.78627876  -2.41041051  -0.58676770  -0.52540240  -0.00147316  -0.00036471  32
8.3000  -0.55312691  -0.54508751  0.77657567  -2.36351479  -0.55460007  -0.54545222  -0.00147316  -0.00036471  32
8.4000  -0.51992060  -0.56356934  0.76676452  -2.31593094  -0.52139376  -0.56393405  -0.00147316  -0.00036471  32
8.5000  -0.48577348  -0.58046177  0.75690933  -2.26762066  -0.48724664  -0.58082647  -0.00147316  -0.00036471  32
8.6000  -0.45078553  -0.59574808  0.74707655  -2.21855347  -0.45225869  -0.59611279  -0.00147316  -0.00036471  32
8.7000  -0.41505849  -0.60941632  0.73733425  -2.16870802  -0.41653165  -0.60978103  -0.00147316  -0.00036471  32
8.8000  -0.37869558  -0.62145925  0.72775129  -2.11807348  -0.38020653  -0.62182396  -0.00151095  -0.00036471  32
8.9000  -0.34180109  -0.63187583  0.71839755  -2.06664995  -0.34331204  -0.63224053  -0.00151095  -0.00036471  32
9.0000  -0.30448018  -0.64066617  0.70933865  -2.01445318  -0.30599113  -0.64103087  -0.00151095  -0.00036471  32
9.1000  -0.26683855  -0.64783659  0.70063903  -1.96151200  -0.26834950  -0.64820129  -0.00151095  -0.00036471  32
9.2000  -0.22898210  -0.65339776  0.69235933  -1.90787042  -0.23049305  -0.65376247  -0.00151095  -0.00036471  32
9.3000  -0.19101658  -0.65736465  0.68455505  -1.85358805  -0.19252753  -0.65772936  -0.00151095  -0.00036471  32
9.4000  -0.15304728  -0.65975633  0.67727534  -1.79874011  -0.15455823  -0.66012103  -0.00151095  -0.00036471  32
9.5000  -0.11517873  -0.66059590  0.67056177  -1.74341687  -0.11668968  -0.66096061  -0.00151095  -0.00036471  32
9.6000  -0.07751434  -0.65991034  0.66444724  -1.68772246  -0.07902529  -0.66027505  -0.00151095  -0.00036471  32
9.7000  -0.04015613  -0.65773036  0.65895503  -1.63177322  -0.04166709  -0.65809506  -0.00151095  -0.00036471  32
9.8000  -0.00320439  -0.65409020  0.65409805  -1.57569530  -0.00471535  -0.65445491  -0.00151095  -0.00036471  32
9.9000  0.03324262  -0.64902755  0.64987832  -1.51962193  0.03173167  -0.64939226  -0.00151095  -0.00036471  32
10.0000  0.06908896  -0.64258329  0.64628676  -1.46369026  0.06757801  -0.64294800  -0.00151095  -0.00036471  32
10.1000  0.10424131  -0.63480135  0.64330320  -1.40803798  0.10273036  -0.63516606  -0.00151095  -0.00036471  32
10.2000  0.13860924  -0.62572853  0.64089680  -1.35279992  0.13709829  -0.62609323  -0.00151095  -0.00036471  32
10.3000  0.17210548  -0.61541425  0.63902660  -1.29810485  0.17059453  -0.61577896  -0.00151095  -0.00036471  32
10.4000  0.20464619  -0.60391046  0.63764246  -1.24407249  0.20313524  -0.60427516  -0.00151095  -0.00036471  32
10.5000  0.23615120  -0.59127131  0.63668607  -1.19081103  0.23464025  -0.59163601  -0.00151095  -0.00036471  32
10.6000  0.26654427  -0.57755304  0.63609226  -1.13841519  0.26503332  -0.57791774  -0.00151095  -0.00036471  32
10.7000  0.29575328  -0.56281373  0.63579029  -1.08696487  0.29424233  -0.56317843  -0.00151095  -0.00036471  32
10.8000  0.32371044  -0.54711310  0.63570527  -1.03652430  0.32219949  -0.54747781  -0.00151095  -0.00036471  32
10.9000  0.35035252  -0.53051230  0.63575954  -0.98714186  0.34884157  -0.53087701  -0.00151095  -0.00036471  32
11.0000  0.37562130  -0.51307370  0.63587419  -0.93884994  0.37411034  -0.51342828  -0.00151095  -0.00035458  30
11.1000  0.39946204  -0.49486067  0.63596934  -0.89166768  0.39795109  -0.49521525  -0.00151095  -0.00035458  32
11.2000  0.42182691  -0.47593740  0.63596726  -0.84559782  0.42031596  -0.47629198  -0.00151095  -0.00035458  32
11.3000  0.44267246  -0.45636865  0.63579183  -0.80063120  0.44116151  -0.45672322  -0.00151095  -0.00035458  32
11.4000  0.46196047  -0.43621954  0.63536994  -0.75674701  0.46044952  -0.43657412  -0.00151095  -0.00035458  32
11.5000  0.47965811  -0.41555540  0.63463233  -0.71391411  0.47814716  -0.41590997  -0.00151095  -0.00035458  32
11.6000  0.49573796  -0.39444150  0.63351419  -0.67209225  0.49422701  -0.39479608  -0.00151095  -0.00035458  32
11.7000  0.51017810  -0.37294294  0.63195580  -0.63123331  0.50866715  -0.37329751  -0.00151095  -0.00035458  32
11.8000  0.52296212  -0.35112436  0.62990293  -0.59128237  0.52145117  -0.35147893  -0.00151095  -0.00035458  32
11.9000  0.53407917  -0.32904983  0.62730722  -0.55217867  0.53256822  -0.32940441  -0.00151095  -0.00035458  32
12.0000  0.54352391  -0.30678265  0.62412646  -0.51385639  0.54201296  -0.30713723  -0.00151095  -0.00035458  32
12.1000  0.55129655  -0.28438515  0.62032475  -0.47624537  0.54978560  -0.28473972  -0.00151095  -0.00035458  32
12.2000  0.55740276  -0.26191854  0.61587268  -0.43927161  0.55589181  -0.26227312  -0.00151095  -0.00035458  32
12.3000  0.56185364  -0.23944277  0.61074737  -0.40285763  0.56034268  -0.23979735  -0.00151095  -0.00035458  32
12.4000  0.56466561  -0.21701634  0.60493251  -0.36692274  0.56315466  -0.21737091  -0.00151095  -0.00035458  32
12.5000  0.56586037  -0.19469615  0.59841837  -0.33138314  0.56434942  -0.19505073  -0.00151095  -0.00035458  32
12.6000  0.56546473  -0.17253742  0.59120176  -0.29615196  0.56395377  -0.17289199  -0.00151095  -0.00035458  32
12.7000  0.56351049  -0.15059347  0.58328592  -0.26113912  0.56199954  -0.15094805  -0.00151095  -0.00035458  32
12.8000  0.56003433  -0.12891569  0.57468052  -0.22625119  0.55852338  -0.12927027  -0.00151095  -0.00035458  32
12.9000  0.55507759  -0.10755336  0.56540150  -0.19139107  0.55356663  -0.10790793  -0.00151095  -0.00035458  32
13.0000  0.54868611  -0.08655355  0.55547094  -0.15645767  0.54717516  -0.08690813  -0.00151095  -0.00035458  32
13.1000  0.54091006  -0.06596109  0.54491702  -0.12134553  0.53939911  -0.06631566  -0.00151095  -0.00035458  32
13.2000  0.53180368  -0.04581838  0.53377381  -0.08594433  0.53029273  -0.04617295  -0.00151095  -0.00035458  32
13.3000  0.52142508  -0.02616539  0.52208116  -0.05013849  0.51991413  -0.02651997  -0.00151095  -0.00035458  32
13.4000  0.50983599  -0.00703958  0.50988459  -0.01380667  0.50832504  -0.00739416  -0.00151095  -0.00035458  32
13.5000  0.49710154  0.01152419  0.49723510  0.02317862  0.49559058  0.01116961  -0.00151095  -0.00035458  32
13.6000  0.48328993  0.02949370  0.48418905  0.06095133  0.48177898  0.02913912  -0.00151095  -0.00035458  32
13.7000  0.46847224  0.04683938  0.47080800  0.09965208  0.46696129  0.04648481  -0.00151095  -0.00035458  32
13.8000  0.45272209  0.06353440  0.45715852  0.13942805  0.45121114  0.06317983  -0.00151095  -0.00035458  32
13.9000  0.43611535  0.07955463  0.44331201  0.18043260  0.43460440  0.07920006  -0.00151095  -0.00035458  32
14.0000  0.41872987  0.09487871  0.42934447  0.22282437  0.41721892  0.09452413  -0.00151095  -0.00035458  32
14.1000  0.40064518  0.10948800  0.41533622  0.26676570  0.39913423  0.10913342  -0.00151095  -0.00035458  32
14.2000  0.38194212  0.12336664  0.40137154  0.31242032  0.38043117  0.12301206  -0.00151095  -0.00035458  32
14.3000  0.36270263  0.13650149  0.38753819  0.35994973  0.36119167  0.13614691  -0.00151095  -0.00035458  32
14.4000  0.34300931  0.14888213  0.37392683  0.40950843  0.34149836  0.14852755  -0.00151095  -0.00035458  32
14.5000  0.32294523  0.16050083  0.36063019  0.46123740  0.32143428  0.16014625  -0.00151095  -0.00035458  32
14.6000  0.30259351  0.17135252  0.34774203  0.51525594  0.30108256  0.17099794  -0.00151095  -0.00035458  32
14.7000  0.28203707  0.18143473  0.33535573  0.57165149  0.28052611  0.18108016  -0.00151095  -0.00035458  32
14.8000  0.26135827  0.19074757  0.32356264  0.63046800  0.25984732  0.19039300  -0.00151095  -0.00035458  32
14.9000  0.24063866  0.19929364  0.31244987  0.69169299  0.23912771  0.19893907  -0.00151095  -0.00035458  32
15.0000  0.21995860  0.20707800  0.30209780  0.75524455  0.21844765  0.20672342  -0.00151095  -0.00035458  32
15.1000  0.19939701  0.21410805  0.29257721  0.82095962  0.19788606  0.21375348  -0.00151095  -0.00035458  32
15.2000  0.17903107  0.22039352  0.28394617  0.88858547  0.17752012  0.22003895  -0.00151095  -0.00035458  32
15.3000  0.15893592  0.22594635  0.27624695  0.95777657  0.15742496  0.22559177  -0.00151095  -0.00035458  32
15.4000  0.13918439  0.23078058  0.26950319  1.02809857  0.13767344  0.23042601  -0.00151095  -0.00035458  32
15.5000  0.11984675  0.23491233  0.26371774  1.09904071  0.11833579  0.23455775  -0.00151095  -0.00035458  32
15.6000  0.10099042  0.23835961  0.25887134  1.17003637  0.09947947  0.23800504  -0.00151095  -0.00035458  32
15.7000  0.08267977  0.24114232  0.25492266  1.24049005  0.08116882  0.24078774  -0.00151095  -0.00035458  32
15.8000  0.06497586  0.24328205  0.25180949  1.30980775  0.06346491  0.24292747  -0.00151095  -0.00035458  32
15.9000  0.04793622  0.24480204  0.24945124  1.37742682  0.04642527  0.24444746  -0.00151095  -0.00035458  32
16.0000  0.03161467  0.24572703  0.24775242  1.44284155  0.03010372  0.24537245  -0.00151095  -0.00035458  32
16.1000  0.01606114  0.24608316  0.24660674  1.50562165  0.01455019  0.24572859  -0.00151095  -0.00035458  32
16.2000  0.00132145  0.24589787  0.24590142  1.56542240  -0.00018950  0.24554329  -0.00151095  -0.00035458  32
16.3000  -0.01256278  0.24519972  0.24552134  1.62198644  -0.01407373  0.24484515  -0.00151095  -0.00035458  32
16.4000  -0.02555430  0.24401835  0.24535276  1.67513886  -0.02706525  0.24366377  -0.00151095  -0.00035458  32
16.5000  -0.03762035  0.24238429  0.24528643  1.72477725  -0.03913131  0.24202971  -0.00151095  -0.00035458  32
16.6000  -0.04873276  0.24032887  0.24522000  1.77085902  -0.05024371  0.23997429  -0.00151095  -0.00035458  32
16.7000  -0.05886800  0.23788408  0.24505975  1.81338774  -0.06037895  0.23752951  -0.00151095  -0.00035458  32
16.8000  -0.06800728  0.23508248  0.24472180  1.85239976  -0.06951823  0.23472790  -0.00151095  -0.00035458  32
16.9000  -0.07613658  0.23195700  0.24413281  1.88795206  -0.07764753  0.23160242  -0.00151095  -0.00035458  32
17.0000  -0.08324667  0.22854089  0.24323023  1.92011171  -0.08475762  0.22818631  -0.00151095  -0.00035458  32
17.1000  -0.08933311  0.22486755  0.24196244  1.94894696  -0.09084406  0.22451298  -0.00151095  -0.00035458  32
17.2000  -0.09439626  0.22097045  0.24028856  1.97452007  -0.09590722  0.22061587  -0.00151095  -0.00035458  32
17.3000  -0.09844122  0.21688294  0.23817826  1.99688131  -0.09995217  0.21652837  -0.00151095  -0.00035458  32
17.4000  -0.10147777  0.21263819  0.23561141  2.01606429  -0.10298872  0.21228361  -0.00151095  -0.00035458  32
17.5000  -0.10352034  0.20826904  0.23257784  2.03208197  -0.10503129  0.20791446  -0.00151095  -0.00035458  32
17.6000  -0.10458787  0.20380789  0.22907702  2.04492346  -0.10609882  0.20345332  -0.00151095  -0.00035458  32
17.7000  -0.10470374  0.19928659  0.22511779  2.05455120  -0.10621469  0.19893202  -0.00151095  -0.00035458  32
17.8000  -0.10389562  0.19473632  0.22071823  2.06089857  -0.10540657  0.19438175  -0.00151095  -0.00035458  32
17.9000  -0.10219534  0.19018748  0.21590545  2.06386786  -0.10370630  0.18983290  -0.00151095  -0.00035458  32
18.0000  -0.09963873  0.18566958  0.21071562  2.06332871  -0.10114968  0.18531501  -0.00151095  -0.00035458  32
18.1000  -0.09626542  0.18121117  0.20519386  2.05911729  -0.09777637  0.18085660  -0.00151095  -0.00035458  32
18.2000  -0.09211868  0.17683969  0.19939440  2.05103664  -0.09362963  0.17648511  -0.00151095  -0.00035458  32
18.3000  -0.08724522  0.17258141  0.19338063  2.03885878  -0.08875617  0.17222683  -0.00151095  -0.00035458  32
18.4000  -0.08169486  0.16845887  0.18722297  2.02233513  -0.08320581  0.16810429  -0.00151095  -0.00035458  32
18.5000  -0.07552045  0.16449836  0.18100566  2.00118823  -0.07703140  0.16414379  -0.00151095  -0.00035458  32
18.6000  -0.06877759  0.16072211  0.17481977  1.97514492  -0.07028854  0.16036753  -0.00151095  -0.00035458  32
18.7000  -0.06152436  0.15715080  0.16876499  1.94395274  -0.06303531  0.15679623  -0.00151095  -0.00035458  30
18.8000  -0.05382107  0.15380373  0.16294875  1.90741185  -0.05533202  0.15344916  -0.00151095  -0.00035458  32
18.9000  -0.04572994  0.15069849  0.15748417  1.86541820  -0.04724089  0.15034392  -0.00151095  -0.00035458  32
19.0000  -0.03731489  0.14785082  0.15248694  1.81801565  -0.03882584  0.14749625  -0.00151095  -0.00035458  32
19.1000  -0.02864120  0.14527470  0.14807112  1.76545195  -0.03015215  0.14492012  -0.00151095  -0.00035458  32
19.2000  -0.01977523  0.14298226  0.14434330  1.70822990  -0.02128618  0.14262769  -0.00151095  -0.00035458  32
19.3000  -0.01078412  0.14098380  0.14139565  1.64713960  -0.01229508  0.14062923  -0.00151095  -0.00035458  26
19.4000  -0.00173539  0.13928743  0.13929824  1.58325474  -0.00324634  0.13893286  -0.00151095  -0.00035458  32
19.5000  0.00730316  0.13790038  0.13809363  1.51788611  0.00562529  0.13754581  -0.00167787  -0.00035458  32
19.6000  0.01626396  0.13681759  0.13778088  1.45247828  0.01458609  0.13646302  -0.00167787  -0.00035458  32
19.7000  0.02507994  0.13605040  0.13834274  1.38849989  0.02340207  0.13569582  -0.00167787  -0.00035458  32
19.8000  0.03368451  0.13559935  0.13972054  1.32731276  0.03200665  0.13524477  -0.00167787  -0.00035458  32
19.9000  0.04201209  0.13546302  0.14182823  1.27006573  0.04033422  0.13510845  -0.00167787  -0.00035458  32
20.0000  0.04999836  0.13563799  0.14455968  1.21763410  0.04832050  0.13528341  -0.00167787  -0.00035458  32
20.1000  0.05758062  0.13611884  0.14779671  1.17060626  0.05590276  0.13576426  -0.00167787  -0.00035458  32
20.2000  0.06469800  0.13689821  0.15141648  1.12930855  0.06302013  0.13654363  -0.00167787  -0.00035458  32
20.3000  0.07129176  0.13796676  0.15529759  1.09385336  0.06961389  0.13761218  -0.00167787  -0.00035458  32
20.4000  0.07730555  0.13931326  0.15932462  1.06419549  0.07562769  0.13895869  -0.00167787  -0.00035458  32
20.5000  0.08268567  0.14092459  0.16339113  1.04018609  0.08100781  0.14057001  -0.00167787  -0.00035458  32
20.6000  0.08738130  0.14278577  0.16740151  1.02161827  0.08570344  0.14243119  -0.00167787  -0.00035458  32
20.7000  0.09134472  0.14488003  0.17127195  1.00826229  0.08966686  0.14452546  -0.00167787  -0.00035458  32
20.8000  0.09453155  0.14718888  0.17493079  0.99989102  0.09285369  0.14683431  -0.00167787  -0.00035458  32
20.9000  0.09690094  0.14969214  0.17831862  0.99629693  0.09522308  0.14933756  -0.00167787  -0.00035458  32
21.0000  0.09841577  0.15236800  0.18138818  0.99730283  0.09673791  0.15201343  -0.00167787  -0.00035458  32
21.1000  0.09904281  0.15519314  0.18410429  1.00276782  0.09736494  0.15483857  -0.00167787  -0.00035458  32
21.2000  0.09875286  0.15814277  0.18644373  1.01258983  0.09707500  0.15778819  -0.00167787  -0.00035458  32
21.3000  0.09752097  0.16119072  0.18839530  1.02670581  0.09584310  0.16083614  -0.00167787  -0.00035458  32
21.4000  0.09532646  0.16430955  0.18995990  1.04508994  0.09364860  0.16395498  -0.00167787  -0.00035458  32
21.5000  0.09215311  0.16747064  0.19115075  1.06775024  0.09047524  0.16711606  -0.00167787  -0.00035458  32
21.6000  0.08798920  0.17064427  0.19199366  1.09472353  0.08631133  0.17028969  -0.00167787  -0.00035458  32
21.7000  0.08282761  0.17379976  0.19252732  1.12606846  0.08114975  0.17344519  -0.00167787  -0.00035458  32
21.8000  0.07666586  0.17690558  0.19280363  1.16185623  0.07498800  0.17655101  -0.00167787  -0.00035458  32
21.9000  0.06950616  0.17992943  0.19288781  1.20215860  0.06782829  0.17957486  -0.00167787  -0.00035458  32
22.0000  0.06135539  0.18283841  0.19285841  1.24703263  0.05967752  0.18248383  -0.00167787  -0.00035458  32
22.1000  0.05222513  0.18559909  0.19280687  1.29650212  0.05054727  0.18524452  -0.00167787  -0.00035458  32
22.2000  0.04213164  0.18817771  0.19283653  1.35053595  0.04045378  0.18782314  -0.00167787  -0.00035458  32
22.3000  0.03109973  0.19054033  0.19306167  1.40900436  0.02942187  0.19004416  -0.00167787  -0.00049617  32
22.4000  0.01915375  0.19265307  0.19360287  1.47170101  0.01747589  0.19215691  -0.00167787  -0.00049617  32
22.5000  0.00632078  0.19448189  0.19458458  1.53830717  0.00464291  0.19398573  -0.00167787  -0.00049617  32
22.6000  -0.00736489  0.19599288  0.19613120  1.60835598  -0.00904275  0.19549671  -0.00167787  -0.00049617  32
22.7000  -0.02186464  0.19715242  0.19836114  1.68124721  -0.02354251  0.19665626  -0.00167787  -0.00049617  32
22.8000  -0.03713574  0.19792740  0.20138103  1.75626316  -0.03881361  0.19743123  -0.00167787  -0.00049617  32
22.9000  -0.05313144  0.19828525  0.20528027  1.83260073  -0.05480930  0.19778908  -0.00167787  -0.00049617  32
23.0000  -0.06980113  0.19819418  0.21012646  1.90941688  -0.07147900  0.19769801  -0.00167787  -0.00049617  32
23.1000  -0.08709057  0.19762328  0.21596233  1.98588099  -0.08876843  0.19712711  -0.00167787  -0.00049617  32
23.2000  -0.10494203  0.19654267  0.22280451  2.06122599  -0.10661989  0.19604650  -0.00167787  -0.00049617  32
23.3000  -0.12329452  0.19492363  0.23064423  2.13479025  -0.12497239  0.19442746  -0.00167787  -0.00049617  32
23.4000  -0.14208403  0.19273877  0.23944959  2.20604493  -0.14376190  0.19224260  -0.00167787  -0.00049617  32
23.5000  -0.16124372  0.18996213  0.24916891  2.27460512  -0.16292158  0.18946597  -0.00167787  -0.00049617  32
23.6000  -0.18070419  0.18656936  0.25973472  2.34022636  -0.18238205  0.18607319  -0.00167787  -0.00049617  32
23.7000  -0.20039373  0.18253779  0.27106769  2.40279034  -0.20207160  0.18204162  -0.00167787  -0.00049617  32
23.8000  -0.22023861  0.17784663  0.28308032  2.46228439  -0.22191648  0.17735046  -0.00167787  -0.00049617  32
23.9000  -0.24016331  0.17247704  0.29568014  2.51877873  -0.24184117  0.17198087  -0.00167787  -0.00049617  32
24.0000  -0.26009081  0.16641229  0.30877221  2.57240449  -0.26176868  0.16591612  -0.00167787  -0.00049617  32
24.1000  -0.27994292  0.15963782  0.32226119  2.62333445  -0.28162079  0.15914166  -0.00167787  -0.00049617  32
24.2000  -0.29964051  0.15214143  0.33605275  2.67176705  -0.30131838  0.15164526  -0.00167787  -0.00049617  32
24.3000  -0.31910385  0.14391329  0.35005472  2.71791407  -0.32078172  0.14341713  -0.00167787  -0.00049617  32
24.4000  -0.33825290  0.13494612  0.36417782  2.76199146  -0.33993077  0.13444996  -0.00167787  -0.00049617  32
24.5000  -0.35700761  0.12523523  0.37833622  2.80421291  -0.35868548  0.12473906  -0.00167787  -0.00049617  32
24.6000  -0.37528821  0.11477859  0.39244792  2.84478562  -0.37696608  0.11428243  -0.00167787  -0.00049617  32
24.7000  -0.39301553  0.10357698  0.40643499  2.88390766  -0.39469340  0.10308081  -0.00167787  -0.00049617  32
24.8000  -0.41011130  0.09163395  0.42022382  2.92176661  -0.41178917  0.09113778  -0.00167787  -0.00049617  32
24.9000  -0.42649845  0.07895596  0.43374528  2.95853905  -0.42817631  0.07845979  -0.00167787  -0.00049617  32
25.0000  -0.44210138  0.06555238  0.44693483  2.99439062  -0.44377924  0.06505621  -0.00167787  -0.00049617  32
25.1000  -0.45684627  0.05143557  0.45973268  3.02947644  -0.45852414  0.05093940  -0.00167787  -0.00049617  32
25.2000  -0.47066140  0.03662086  0.47208393  3.06394187  -0.47233926  0.03612469  -0.00167787  -0.00049617  32
25.3000  -0.48347735  0.02112660  0.48393871  3.09792325  -0.48515521  0.02063043  -0.00167787  -0.00049617  32
25.4000  -0.49522733  0.00497415  0.49525231  3.13154882  -0.49690519  0.00447798  -0.00167787  -0.00049617  32
25.5000  -0.50584742  -0.01181210  0.50598531  -3.11824579  -0.50752528  -0.01230826  -0.00167787  -0.00049617  32
25.6000  -0.51527683  -0.02920476  0.51610380  -3.08497542  -0.51695470  -0.02970093  -0.00167787  -0.00049617  32
25.7000  -0.52345814  -0.04717348  0.52557945  -3.05171652  -0.52513600  -0.04766964  -0.00167787  -0.00049617  32
25.8000  -0.53033751  -0.06568495  0.53438973  -3.01836521  -0.53201537  -0.06618111  -0.00167787  -0.00049617  32
25.9000  -0.53586492  -0.08470297  0.54251802  -2.98482197  -0.53754278  -0.08519913  -0.00167787  -0.00049617  32
26.0000  -0.53999437  -0.10418851  0.54995379  -2.95099112  -0.54167224  -0.10468467  -0.00167787  -0.00049617  32
26.1000  -0.54268407  -0.12409977  0.55669269  -2.91678045  -0.54436194  -0.12459594  -0.00167787  -0.00049617  32
26.2000  -0.54389660  -0.14439227  0.56273674  -2.88210088  -0.54557447  -0.14488843  -0.00167787  -0.00049617  32
26.3000  -0.54359910  -0.16501892  0.56809439  -2.84686631  -0.54527697  -0.16551509  -0.00167787  -0.00049617  32
26.4000  -0.54176339  -0.18593017  0.57278059  -2.81099353  -0.54344126  -0.18642634  -0.00167787  -0.00049617  32
26.5000  -0.53836611  -0.20707407  0.57681690  -2.77440235  -0.54004397  -0.20757023  -0.00167787  -0.00049617  32
26.6000  -0.53338882  -0.22839641  0.58023147  -2.73701578  -0.53506668  -0.22889258  -0.00167787  -0.00049617  32
26.7000  -0.52681813  -0.24984090  0.58305901  -2.69876046  -0.52849599  -0.25033706  -0.00167787  -0.00049617  32
26.8000  -0.51864574  -0.27134924  0.58534076  -2.65956717  -0.52032360  -0.27184541  -0.00167787  -0.00049617  32
26.9000  -0.50886851  -0.29286134  0.58712429  -2.61937160  -0.51054638  -0.29335751  -0.00167787  -0.00049617  32
27.0000  -0.49748854  -0.31431546  0.58846330  -2.57811523  -0.49916641  -0.31481163  -0.00167787  -0.00049617  32
27.1000  -0.48451314  -0.33564836  0.58941734  -2.53574643  -0.48619100  -0.33614452  -0.00167787  -0.00049617  32
27.2000  -0.46995486  -0.35679552  0.59005137  -2.49222169  -0.47163273  -0.35729168  -0.00167787  -0.00049617  32
27.3000  -0.45383151  -0.37769132  0.59043524  -2.44750703  -0.45550938  -0.37818748  -0.00167787  -0.00049617  32
27.4000  -0.43616609  -0.39826922  0.59064306  -2.40157949  -0.43784395  -0.39876539  -0.00167787  -0.00049617  32
27.5000  -0.41698676  -0.41846199  0.59075240  -2.35442870  -0.41866463  -0.41895816  -0.00167787  -0.00049617  32
27.6000  -0.39632680  -0.43820192  0.59084334  -2.30605837  -0.39800466  -0.43869809  -0.00167787  -0.00049617  32
27.7000  -0.37422448  -0.45742100  0.59099741  -2.25648778  -0.37590235  -0.45791717  -0.00167787  -0.00049617  32
27.8000  -0.35072303  -0.47605119  0.59129635  -2.20575290  -0.35240089  -0.47654736  -0.00167787  -0.00049617  32
27.9000  -0.32587046  -0.49402462  0.59182082  -2.15390732  -0.32754832  -0.49452079  -0.00167787  -0.00049617  32
28.0000  -0.29971948  -0.51127384  0.59264889  -2.10102262  -0.30139735  -0.51177001  -0.00167787  -0.00049617  32
28.1000  -0.27232734  -0.52773202  0.59385459  -2.04718822  -0.27400521  -0.52822819  -0.00167787  -0.00049617  32
28.2000  -0.24375568  -0.54333323  0.59550636  -1.99251051  -0.24543354  -0.54382939  -0.00167787  -0.00049617  32
28.3000  -0.21407031  -0.55801262  0.59766561  -1.93711136  -0.21574817  -0.55850879  -0.00167787  -0.00049617  32
28.4000  -0.18334110  -0.57170674  0.60038534  -1.88112579  -0.18501896  -0.57220291  -0.00167787  -0.00049617  32
28.5000  -0.15164171  -0.58435369  0.60370890  -1.82469908  -0.15331958  -0.58484985  -0.00167787  -0.00049617  32
28.6000  -0.11904949  -0.59589698  0.60767260  -1.76798226  -0.12054131  -0.59639315  -0.00149182  -0.00049617  32
28.7000  -0.08564508  -0.60626252  0.61228206  -1.71113501  -0.08713690  -0.60675869  -0.00149182  -0.00049617  32
28.8000  -0.05151272  -0.61540711  0.61755928  -1.65430676  -0.05300454  -0.61590327  -0.00149182  -0.00049617  32
28.9000  -0.01673910  -0.62327757  0.62350230  -1.59764644  -0.01823092  -0.62377373  -0.00149182  -0.00049617  32
29.0000  0.01858643  -0.62982345  0.63009764  -1.54129435  0.01709461  -0.63031962  -0.00149182  -0.00049617  32
29.1000  0.05437215  -0.63499728  0.63732086  -1.48537887  0.05288033  -0.63549345  -0.00149182  -0.00049617  32
29.2000  0.09052422  -0.63875473  0.64513738  -1.43001400  0.08903240  -0.63925090  -0.00149182  -0.00049617  32
29.3000  0.12694698  -0.64105485  0.65350352  -1.37529738  0.12545516  -0.64155102  -0.00149182  -0.00049617  32
29.4000  0.16354322  -0.64186025  0.66236769  -1.32130920  0.16205140  -0.64235641  -0.00149182  -0.00049617  32
29.5000  0.20021446  -0.64113729  0.67167169  -1.26811174  0.19872265  -0.64163345  -0.00149182  -0.00049617  32
29.6000  0.23686128  -0.63885626  0.68135203  -1.21574956  0.23536946  -0.63935243  -0.00149182  -0.00049617  32
29.7000  0.27338355  -0.63499155  0.69134133  -1.16425022  0.27189173  -0.63548772  -0.00149182  -0.00049617  32
29.8000  0.30968079  -0.62952178  0.70156957  -1.11362536  0.30818897  -0.63001795  -0.00149182  -0.00049617  32
29.9000  0.34565244  -0.62242998  0.71196537  -1.06387216  0.34416062  -0.62292615  -0.00149182  -0.00049617  32
30.0000  0.38119816  -0.61370369  0.72245710  -1.01497491  0.37970634  -0.61419986  -0.00149182  -0.00049617  32
30.1000  0.41621813  -0.60333510  0.73297392  -0.96690665  0.41472631  -0.60383126  -0.00149182  -0.00049617  32
30.2000  0.45061334  -0.59132111  0.74344673  -0.91963083  0.44912153  -0.59181728  -0.00149182  -0.00049617  32
30.3000  0.48428590  -0.57766350  0.75380896  -0.87310296  0.48279408  -0.57815967  -0.00149182  -0.00049617  32
30.4000  0.51713930  -0.56236892  0.76399729  -0.82727203  0.51564748  -0.56286508  -0.00149182  -0.00049617  32
30.5000  0.54907872  -0.54544898  0.77395222  -0.78208191  0.54758690  -0.54594515  -0.00149182  -0.00049617  32
30.6000  0.58001132  -0.52692032  0.78361863  -0.73747258  0.57851950  -0.52741649  -0.00149182  -0.00049617  32
30.7000  0.60984647  -0.50680459  0.79294616  -0.69338115  0.60835465  -0.50730076  -0.00149182  -0.00049617  32
30.8000  0.63849607  -0.48512849  0.80188957  -0.64974285  0.63700425  -0.48562466  -0.00149182  -0.00049617  32
30.9000  0.66587476  -0.46192376  0.81040901  -0.60649178  0.66438294  -0.46241993  -0.00149182  -0.00049617  32
31.0000  0.69190022  -0.43722714  0.81847021  -0.56356163  0.69040840  -0.43772331  -0.00149182  -0.00049617  32
31.1000  0.71649376  -0.41108035  0.82604501  -0.52088602  0.71500194  -0.41173800  -0.00149182  -0.00065765  32
31.2000  0.73958676  -0.38352980  0.83311684  -0.47839544  0.73809494  -0.38418745  -0.00149182  -0.00065765  32
31.3000  0.76109998  -0.35462679  0.83966263  -0.43603013  0.75960816  -0.35528444  -0.00149182  -0.00065765  32
31.4000  0.78096545  -0.32442753  0.84567148  -0.39372716  0.77947363  -0.32508518  -0.00149182  -0.00065765  32
31.5000  0.79911932  -0.29299285  0.85113836  -0.35142542  0.79762750  -0.29365050  -0.00149182  -0.00065765  32
31.6000  0.81550208  -0.26038812  0.85606402  -0.30906595  0.81401026  -0.26104577  -0.00149182  -0.00065765  32
31.7000  0.83005867  -0.22668304  0.86045487  -0.26659223  0.82856685  -0.22734069  -0.00149182  -0.00065765  32
31.8000  0.84273869  -0.19195154  0.86432280  -0.22395046  0.84124687  -0.19260919  -0.00149182  -0.00065765  32
31.9000  0.85349656  -0.15627156  0.86768496  -0.18108987  0.85200474  -0.15692921  -0.00149182  -0.00065765  32
32.0000  0.86229161  -0.11972490  0.87056354  -0.13796299  0.86079979  -0.12038255  -0.00149182  -0.00065765  32
32.1000  0.86908822  -0.08239699  0.87298546  -0.09452600  0.86759640  -0.08305464  -0.00149182  -0.00065765  32
32.2000  0.87385596  -0.04437667  0.87498201  -0.05073901  0.87236414  -0.04503432  -0.00149182  -0.00065765  32
32.3000  0.87656962  -0.00575596  0.87658852  -0.00656636  0.87507780  -0.00641361  -0.00149182  -0.00065765  32
32.4000  0.87720934  0.03337020  0.87784384  0.03802298  0.87571752  0.03271255  -0.00149182  -0.00065765  32
32.5000  0.87576066  0.07290416  0.87878993  0.08305517  0.87426884  0.07224651  -0.00149182  -0.00065765  32
32.6000  0.87221454  0.11274592  0.87947134  0.12855114  0.87072272  0.11208827  -0.00149182  -0.00065765  32
32.7000  0.86656742  0.15279331  0.87993460  0.17452631  0.86507560  0.15213566  -0.00149182  -0.00065765  32
32.8000  0.85882126  0.19294236  0.88022765  0.22099033  0.85732944  0.19228471  -0.00149182  -0.00065765  32
32.9000  0.84898348  0.23308758  0.88039921  0.26794689  0.84749166  0.23242993  -0.00149182  -0.00065765  32
33.0000  0.83706699  0.27312225  0.88049810  0.31539353  0.83557517  0.27246460  -0.00149182  -0.00065765  32
33.1000  0.82309017  0.31293875  0.88057259  0.36332162  0.82159835  0.31228110  -0.00149182  -0.00065765  32
33.2000  0.80707681  0.35242889  0.88066969  0.41171634  0.80558499  0.35177124  -0.00149182  -0.00065765  32
33.3000  0.78905606  0.39148424  0.88083447  0.46055684  0.78756424  0.39082658  -0.00149182  -0.00065765  32
33.4000  0.76906234  0.42999642  0.88110942  0.50981645  0.76757052  0.42933877  -0.00149182  -0.00065765  32
33.5000  0.74713530  0.46785750  0.88153377  0.55946309  0.74564348  0.46719985  -0.00149182  -0.00065765  32
33.6000  0.72331967  0.50496028  0.88214298  0.60945971  0.72182786  0.50430263  -0.00149182  -0.00065765  32
33.7000  0.69766521  0.54119868  0.88296815  0.65976494  0.69617339  0.54054103  -0.00149182  -0.00065765  32
33.8000  0.67022652  0.57646800  0.88403560  0.71033378  0.66873470  0.57581035  -0.00149182  -0.00065765  32
33.9000  0.64106294  0.61066534  0.88536651  0.76111843  0.63957112  0.61000769  -0.00149182  -0.00065765  32
34.0000  0.61023841  0.64368987  0.88697664  0.81206917  0.60874659  0.64303222  -0.00149182  -0.00065765  32
34.1000  0.57782127  0.67544319  0.88887621  0.86313530  0.57632945  0.67478554  -0.00149182  -0.00065765  32
34.2000  0.54388414  0.70582962  0.89106981  0.91426609  0.54239232  0.70517197  -0.00149182  -0.00065765  32
34.3000  0.50850368  0.73475656  0.89355649  0.96541172  0.50701186  0.73409891  -0.00149182  -0.00065765  32
34.4000  0.47176044  0.76213477  0.89632992  1.01652419  0.47026862  0.76147712  -0.00149182  -0.00065765  32
34.5000  0.43373864  0.78787866  0.89937867  1.06755817  0.43224683  0.78722101  -0.00149182  -0.00065765  32
34.6000  0.39452598  0.81190659  0.90268658  1.11847172  0.39303416  0.81124894  -0.00149182  -0.00065765  32
34.7000  0.35421335  0.83414118  0.90623319  1.16922694  0.35272154  0.83348353  -0.00149182  -0.00065765  32
34.8000  0.31289471  0.85450951  0.90999429  1.21979048  0.31140289  0.85385186  -0.00149182  -0.00065765  32
34.9000  0.27066675  0.87294345  0.91394242  1.27013393  0.26917493  0.87228580  -0.00149182  -0.00065765  32
35.0000  0.22762870  0.88937983  0.91804756  1.32023407  0.22613688  0.88872218  -0.00149182  -0.00065765  32
35.1000  0.18388209  0.90376074  0.92227766  1.37007296  0.18239027  0.90310309  -0.00149182  -0.00065765  32
35.2000  0.13953046  0.91603365  0.92659937  1.41963798  0.13803864  0.91537600  -0.00149182  -0.00065765  32
35.3000  0.09467911  0.92615169  0.93097857  1.46892172  0.09318729  0.92549404  -0.00149182  -0.00065765  32
35.4000  0.04943487  0.93407379  0.93538102  1.51792172  0.04794305  0.93341614  -0.00149182  -0.00065765  32
35.5000  0.00390577  0.93976482  0.93977293  1.56664024  0.00241395  0.93910717  -0.00149182  -0.00065765  32
35.6000  -0.04179917  0.94319576  0.94412150  1.61508389  -0.04329099  0.94253811  -0.00149182  -0.00065765  32
35.7000  -0.08757025  0.94434382  0.94839538  1.66326321  -0.08906207  0.94368617  -0.00149182  -0.00065765  32
35.8000  -0.13329735  0.94319252  0.95256513  1.71119225  -0.13478917  0.94253487  -0.00149182  -0.00065765  32
35.9000  -0.17887021  0.93973182  0.95660360  1.75888811  -0.18036203  0.93907417  -0.00149182  -0.00065765  32
36.0000  -0.22417871  0.93395812  0.96048627  1.80637043  -0.22567053  0.93330047  -0.00149182  -0.00065765  32
36.1000  -0.26911314  0.92587435  0.96419147  1.85366095  -0.27060496  0.92521670  -0.00149182  -0.00065765  32
36.2000  -0.31356447  0.91548995  0.96770064  1.90078303  -0.31505629  0.91483230  -0.00149182  -0.00065765  32
36.3000  -0.35742463  0.90282093  0.97099845  1.94776115  -0.35891645  0.90216328  -0.00149182  -0.00065765  32
36.4000  -0.40058678  0.88788979  0.97407292  1.99462050  -0.40207859  0.88723214  -0.00149182  -0.00065765  32
36.5000  -0.44294557  0.87072552  0.97691540  2.04138653  -0.44443739  0.87006787  -0.00149182  -0.00065765  32
36.6000  -0.48439742  0.85136349  0.97952063  2.08808455  -0.48588924  0.85070584  -0.00149182  -0.00065765  32
36.7000  -0.52484078  0.82984544  0.98188660  2.13473935  -0.52633260  0.82918779  -0.00149182  -0.00065765  32
36.8000  -0.56417634  0.80621929  0.98401448  2.18137479  -0.56566816  0.80556164  -0.00149182  -0.00065765  32
36.9000  -0.60230734  0.78053910  0.98590843  2.22801356  -0.60379916  0.77988145  -0.00149182  -0.00065765  32
37.0000  -0.63913849  0.75286486  0.98757455  2.27467576  -0.64063031  0.75220721  -0.00149182  -0.00065765  32
37.1000  -0.67457879  0.72326239  0.98902226  2.32138085  -0.67607061  0.72260474  -0.00149182  -0.00065765  32
37.2000  -0.70854180  0.69180318  0.99026417  2.36814714  -0.71003362  0.69114553  -0.00149182  -0.00065765  32
37.3000  -0.74094325  0.65856402  0.99131401  2.41498967  -0.74243507  0.65790637  -0.00149182  -0.00065765  32
37.4000  -0.77170063  0.62362693  0.99218567  2.46191989  -0.77319245  0.62296928  -0.00149182  -0.00065765  32
37.5000  -0.80074047  0.58707894  0.99289827  2.50895000  -0.80223229  0.58642129  -0.00149182  -0.00065765  32
37.6000  -0.82799033  0.54901168  0.99346958  2.55608743  -0.82948215  0.54835403  -0.00149182  -0.00065765  32
37.7000  -0.85338051  0.50952120  0.99391657  2.60333614  -0.85487233  0.50886355  -0.00149182  -0.00065765  32
37.8000  -0.87684585  0.46870776  0.99425631  2.65069762  -0.87833767  0.46805011  -0.00149182  -0.00065765  32
37.9000  -0.89832596  0.42667553  0.99450568  2.69817093  -0.89981778  0.42601788  -0.00149182  -0.00065765  32
38.0000  -0.91776536  0.38353229  0.99468099  2.74575282  -0.91925718  0.38287464  -0.00149182  -0.00065765  32
38.1000  -0.93511362  0.33938911  0.99479769  2.79343780  -0.93660544  0.33873146  -0.00149182  -0.00065765  32
38.2000  -0.95032556  0.29435997  0.99487007  2.84121832  -0.95181738  0.29370232  -0.00149182  -0.00065765  32
38.3000  -0.96336417  0.24856148  0.99491373  2.88908571  -0.96485599  0.24790383  -0.00149182  -0.00065765  32
38.4000  -0.97419750  0.20211237  0.99494230  2.93702914  -0.97568932  0.20145472  -0.00149182  -0.00065765  32
38.5000  -0.98279671  0.15513317  0.99496516  2.98503571  -0.98428853  0.15447552  -0.00149182  -0.00065765  32
38.6000  -0.98913758  0.10774103  0.99498808  3.03309618  -0.99062940  0.10708338  -0.00149182  -0.00065765  28
38.7000  -0.99320201  0.06006394  0.99501654  3.08119117  -0.99469383  0.05940629  -0.00149182  -0.00065765  32
38.8000  -0.99497760  0.01222604  0.99505271  3.12930552  -0.99646942  0.01156839  -0.00149182  -0.00065765  32
38.9000  -0.99445757  -0.03564823  0.99509630  -3.10576109  -0.99594939  -0.03630588  -0.00149182  -0.00065765  32
39.0000  -0.99164076  -0.08343436  0.99514456  -3.05765267  -0.99313258  -0.08409201  -0.00149182  -0.00065765  32
39.1000  -0.98653165  -0.13100819  0.99519236  -3.00956838  -0.98802347  -0.13166584  -0.00149182  -0.00065765  28
39.2000  -0.97914039  -0.17824834  0.99523282  -2.96151889  -0.98063221  -0.17890599  -0.00149182  -0.00065765  32
39.3000  -0.96948259  -0.22503043  0.99525634  -2.91351746  -0.97097441  -0.22568808  -0.00149182  -0.00065765  32
39.4000  -0.95757962  -0.27123326  0.99525183  -2.86557391  -0.95907144  -0.27189091  -0.00149182  -0.00065765  32
39.5000  -0.94345723  -0.31673757  0.99520562  -2.81769554  -0.94494905  -0.31739522  -0.00149182  -0.00065765  30
39.6000  -0.92714421  -0.36142628  0.99510067  -2.76988634  -0.92863603  -0.36208393  -0.00149182  -0.00065765  30
39.7000  -0.90868176  -0.40518452  0.99492564  -2.72215046  -0.91017357  -0.40584218  -0.00149182  -0.00065765  32
39.8000  -0.88811449  -0.44790029  0.99466679  -2.67448929  -0.88960631  -0.44855794  -0.00149182  -0.00065765  32
39.9000  -0.86549089  -0.48946482  0.99430896  -2.62690117  -0.86698271  -0.49012247  -0.00149182  -0.00065765  32
40.0000  -0.84086457  -0.52977281  0.99383723  -2.57938196  -0.84235639  -0.53043046  -0.00149182  -0.00065765  32
40.1000  -0.81429414  -0.56872267  0.99323734  -2.53192510  -0.81578595  -0.56938032  -0.00149182  -0.00065765  32
40.2000  -0.78584310  -0.60621686  0.99249597  -2.48452167  -0.78733492  -0.60687451  -0.00149182  -0.00065765  32
40.3000  -0.75557968  -0.64216213  0.99160116  -2.43716052  -0.75707150  -0.64281978  -0.00149182  -0.00065765  32
40.4000  -0.72357668  -0.67646978  0.99054257  -2.38982847  -0.72506850  -0.67712743  -0.00149182  -0.00065765  32
40.5000  -0.68991128  -0.70905593  0.98931182  -2.34251050  -0.69140310  -0.70971358  -0.00149182  -0.00065765  32
40.6000  -0.65466486  -0.73984173  0.98790276  -2.29518999  -0.65615668  -0.74049938  -0.00149182  -0.00065765  32
40.7000  -0.61792282  -0.76875359  0.98631166  -2.24784902  -0.61941464  -0.76941124  -0.00149182  -0.00065765  32
40.8000  -0.57977435  -0.79572334  0.98453742  -2.20046865  -0.58126617  -0.79638099  -0.00149182  -0.00065765  32
40.9000  -0.54031221  -0.82068844  0.98258170  -2.15302930  -0.54180403  -0.82134609  -0.00149182  -0.00065765  32
41.0000  -0.49963253  -0.84359214  0.98044906  -2.10551104  -0.50112434  -0.84424979  -0.00149182  -0.00065765  32
41.1000  -0.45783451  -0.86438359  0.97814694  -2.05789403  -0.45932633  -0.86504125  -0.00149182  -0.00065765  32
41.2000  -0.41502025  -0.88301800  0.97568570  -2.01015887  -0.41651207  -0.88367565  -0.00149182  -0.00065765  32
41.3000  -0.37129443  -0.89945669  0.97307857  -1.96228702  -0.37278625  -0.90011434  -0.00149182  -0.00065765  32
41.4000  -0.32676408  -0.91366723  0.97034148  -1.91426123  -0.32825590  -0.91432488  -0.00149182  -0.00065765  32
41.5000  -0.28153830  -0.92562347  0.96749295  -1.86606591  -0.28303012  -0.92628112  -0.00149182  -0.00065765  32
41.6000  -0.23572797  -0.93530555  0.96455386  -1.81768759  -0.23721979  -0.93596320  -0.00149182  -0.00065765  32
41.7000  -0.18944548  -0.94270001  0.96154714  -1.76911529  -0.19093730  -0.94335766  -0.00149182  -0.00065765  32
41.8000  -0.14280445  -0.94779970  0.95849746  -1.72034092  -0.14429627  -0.94845735  -0.00149182  -0.00065765  32
41.9000  -0.09591941  -0.95060381  0.95543086  -1.67135962  -0.09741123  -0.95126146  -0.00149182  -0.00065765  32
42.0000  -0.04890553  -0.95111783  0.95237433  -1.62217008  -0.05039735  -0.95177548  -0.00149182  -0.00065765  32
42.1000  -0.00187828  -0.94935348  0.94935533  -1.57277481  -0.00337010  -0.95001113  -0.00149182  -0.00065765  32
42.2000  0.04504680  -0.94532863  0.94640131  -1.52318035  0.04355498  -0.94598628  -0.00149182  -0.00065765  32
42.3000  0.09175448  -0.93906725  0.94353918  -1.47339739  0.09026266  -0.93972490  -0.00149182  -0.00065765  32
42.4000  0.13813011  -0.93059924  0.94079481  -1.42344086  0.13663829  -0.93115557  -0.00149182  -0.00055633  32
42.5000  0.18405137  -0.91996049  0.93819093  -1.37333882  0.18255955  -0.92036454  -0.00149182  -0.00040405  32
42.6000  0.22941059  -0.90719280  0.93574996  -1.32310925  0.22791877  -0.90759685  -0.00149182  -0.00040405  32
42.7000  0.27410034  -0.89234311  0.93349195  -1.27277531  0.27260852  -0.89274716  -0.00149182  -0.00040405  32
42.8000  0.31801132  -0.87546367  0.93143321  -1.22236747  0.31651950  -0.87586772  -0.00149182  -0.00040405  32
42.9000  0.36103632  -0.85661186  0.92958652  -1.17191930  0.35954450  -0.85701591  -0.00149182  -0.00040405  32
43.0000  0.40307050  -0.83584999  0.92796068  -1.12146691  0.40157868  -0.83625404  -0.00149182  -0.00040405  32
43.1000  0.44400861  -0.81324512  0.92655884  -1.07105132  0.44251679  -0.81352327  -0.00149182  -0.00027814  32
43.2000  0.48375142  -0.78886897  0.92538083  -1.02071181  0.48225960  -0.78914711  -0.00149182  -0.00027814  32
43.3000  0.52220587  -0.76279728  0.92442342  -0.97048547  0.52071405  -0.76307542  -0.00149182  -0.00027814  32
43.4000  0.55927936  -0.73510975  0.92367729  -0.92041220  0.55778754  -0.73538789  -0.00149182  -0.00027814  32
43.5000  0.59488298  -0.70588976  0.92312844  -0.87053100  0.59339116  -0.70616791  -0.00149182  -0.00027814  32
43.6000  0.62893182  -0.67522415  0.92275830  -0.82087928  0.62744000  -0.67550229  -0.00149182  -0.00027814  32
43.7000  0.66134511  -0.64320287  0.92254392  -0.77149215  0.65985329  -0.64348102  -0.00149182  -0.00027814  32
43.8000  0.69204652  -0.60991875  0.92245828  -0.72240179  0.69055470  -0.61019690  -0.00149182  -0.00027814  32
43.9000  0.72096435  -0.57546717  0.92247062  -0.67363685  0.71947253  -0.57574531  -0.00149182  -0.00027814  32
44.0000  0.74803170  -0.53994575  0.92254693  -0.62522197  0.74653988  -0.54022389  -0.00149182  -0.00027814  32
44.1000  0.77318671  -0.50345409  0.92265037  -0.57717739  0.77169489  -0.50373223  -0.00149182  -0.00027814  32
44.2000  0.79637267  -0.46609341  0.92274184  -0.52951856  0.79488085  -0.46637156  -0.00149182  -0.00027814  32
44.3000  0.81753824  -0.42796629  0.92278054  -0.48225600  0.81604642  -0.42824444  -0.00149182  -0.00027814  32
44.4000  0.83663755  -0.38917633  0.92272456  -0.43539512  0.83514574  -0.38945447  -0.00149182  -0.00027814  32
44.5000  0.85363035  -0.34982782  0.92253145  -0.38893613  0.85213853  -0.35010596  -0.00149182  -0.00027814  32
44.6000  0.86848210  -0.31002550  0.92215887  -0.34287414  0.86699028  -0.31030364  -0.00149182  -0.00027814  32
44.7000  0.88116410  -0.26987418  0.92156511  -0.29719917  0.87967228  -0.27015233  -0.00149182  -0.00027814  32
44.8000  0.89165355  -0.22947849  0.92070974  -0.25189631  0.89016173  -0.22975664  -0.00149182  -0.00027814  32
44.9000  0.89993359  -0.18894256  0.91955411  -0.20694591  0.89844177  -0.18922070  -0.00149182  -0.00027814  32
45.0000  0.90599340  -0.14836971  0.91806188  -0.16232379  0.90450159  -0.14864786  -0.00149182  -0.00027814  32
45.1000  0.90982820  -0.10786220  0.91619954  -0.11800151  0.90833638  -0.10814035  -0.00149182  -0.00027814  32
45.2000  0.91143922  -0.06752093  0.91393683  -0.07394658  0.90994740  -0.06779908  -0.00149182  -0.00027814  32
45.3000  0.91083378  -0.02744516  0.91124717  -0.03012279  0.90934196  -0.02772330  -0.00149182  -0.00027814  32
45.4000  0.90802519  0.01226775  0.90810805  0.01350954  0.90653337  0.01198961  -0.00149182  -0.00027814  32
45.5000  0.90303273  0.05152258  0.90450135  0.05699326  0.90154091  0.05124444  -0.00149182  -0.00027814  32
45.6000  0.89588162  0.09022651  0.90041363  0.10037409  0.89438980  0.08994837  -0.00149182  -0.00027814  32
45.7000  0.88660289  0.12828937  0.89583640  0.14370030  0.88511107  0.12801122  -0.00149182  -0.00027814  32
45.8000  0.87523332  0.16562381  0.89076631  0.18702243  0.87374150  0.16534567  -0.00149182  -0.00027814  32
45.9000  0.86181532  0.20214558  0.88520533  0.23039294  0.86032350  0.20186743  -0.00149182  -0.00027814  32
46.0000  0.84639679  0.23777368  0.87916088  0.27386588  0.84490497  0.23749553  -0.00149182  -0.00027814  32
46.1000  0.82903098  0.27243057  0.87264585  0.31749649  0.82753916  0.27215243  -0.00149182  -0.00027814  32
46.2000  0.80977633  0.30604235  0.86567871  0.36134083  0.80828451  0.30576420  -0.00149182  -0.00027814  32
46.3000  0.78869628  0.33853888  0.85828341  0.40545529  0.78720446  0.33826074  -0.00149182  -0.00027814  32
46.4000  0.76585910  0.36985400  0.85048935  0.44989612  0.76436728  0.36957586  -0.00149182  -0.00027814  32
46.5000  0.74133762  0.39992558  0.84233125  0.49471883  0.73984580  0.39964743  -0.00149182  -0.00027814  32
46.6000  0.71520910  0.42869569  0.83384894  0.53997755  0.71371728  0.42841755  -0.00149182  -0.00027814  32
46.7000  0.68755491  0.45611071  0.82508711  0.58572431  0.68606309  0.45583257  -0.00149182  -0.00027814  32
46.8000  0.65846031  0.48212139  0.81609498  0.63200823  0.65696849  0.48184324  -0.00149182  -0.00027814  32
46.9000  0.62801421  0.50668293  0.80692592  0.67887458  0.62652239  0.50640478  -0.00149182  -0.00027814  32
47.0000  0.59630884  0.52975506  0.79763692  0.72636382  0.59481702  0.52947692  -0.00149182  -0.00027814  32
47.1000  0.56343952  0.55130208  0.78828807  0.77451048  0.56194770  0.55102394  -0.00149182  -0.00027814  32
47.2000  0.52950434  0.57129289  0.77894185  0.82334202  0.52801252  0.57101475  -0.00149182  -0.00027814  32
47.3000  0.49460387  0.58970099  0.76966242  0.87287764  0.49311205  0.58942284  -0.00149182  -0.00027814  32
47.4000  0.45884081  0.60650451  0.76051470  0.92312705  0.45734899  0.60622637  -0.00149182  -0.00027814  32
47.5000  0.42231975  0.62168619  0.75156350  0.97408933  0.42082793  0.62140805  -0.00149182  -0.00027814  32
47.6000  0.38514676  0.63523337  0.74287244  1.02575186  0.38365494  0.63495523  -0.00149182  -0.00027814  32
47.7000  0.34742911  0.64713792  0.73450287  1.07808938  0.34593729  0.64685977  -0.00149182  -0.00027814  32
47.8000  0.30927493  0.65739621  0.72651274  1.13106333  0.30778311  0.65711806  -0.00149182  -0.00027814  32
47.9000  0.27079289  0.66600906  0.71895539  1.18462151  0.26930107  0.66573092  -0.00149182  -0.00027814  32
48.0000  0.23209184  0.67298165  0.71187845  1.23869808  0.23060002  0.67270351  -0.00149182  -0.00027814  32
48.1000  0.19328046  0.67832344  0.70532264  1.29321405  0.19178864  0.67804530  -0.00149182  -0.00027814  32
48.2000  0.15446698  0.68204806  0.69932082  1.34807820  0.15297516  0.68176992  -0.00149182  -0.00027814  32
48.3000  0.11575880  0.68417322  0.69389704  1.40318851  0.11426698  0.68389508  -0.00149182  -0.00027814  32
48.4000  0.07726216  0.68472059  0.68906584  1.45843409  0.07577035  0.68444245  -0.00149182  -0.00027814  32
48.5000  0.03908186  0.68371565  0.68483172  1.51369748  0.03759004  0.68343751  -0.00149182  -0.00027814  32
48.6000  0.00132086  0.68118758  0.68118886  1.56885728  -0.00017096  0.68090944  -0.00149182  -0.00027814  32
48.7000  -0.03591996  0.67716911  0.67812111  1.62379096  -0.03741178  0.67689096  -0.00149182  -0.00027814  32
48.8000  -0.07254214  0.67169634  0.67560220  1.67837777  -0.07403396  0.67141820  -0.00149182  -0.00027814  32
48.9000  -0.10844995  0.66480862  0.67359624  1.73250156  -0.10994177  0.66453048  -0.00149182  -0.00027814  32
49.0000  -0.14355067  0.65654836  0.67205844  1.78605331  -0.14504248  0.65627022  -0.00149182  -0.00027814  32
49.1000  -0.17775484  0.64696085  0.67093601  1.83893347  -0.17924666  0.64668271  -0.00149182  -0.00027814  32
49.2000  -0.21097658  0.63609411  0.67016926  1.89105373  -0.21246840  0.63581597  -0.00149182  -0.00027814  32
49.3000  -0.24313382  0.62399866  0.66969275  1.94233847  -0.24462564  0.62372052  -0.00149182  -0.00027814  32
49.4000  -0.27414853  0.61072739  0.66943660  1.99272558  -0.27564035  0.61044925  -0.00149182  -0.00027814  32
49.5000  -0.30394696  0.59633533  0.66932771  2.04216693  -0.30543878  0.59605719  -0.00149182  -0.00027814  32
49.6000  -0.33245988  0.58087946  0.66929106  2.09062839  -0.33395170  0.58060131  -0.00149182  -0.00027814  32
49.7000  -0.35962273  0.56441852  0.66925090  2.13808942  -0.36111455  0.56414038  -0.00149182  -0.00027814  32
49.8000  -0.38537581  0.54701283  0.66913194  2.18454249  -0.38686763  0.54673469  -0.00149182  -0.00027814  32
49.9000  -0.40966450  0.52872407  0.66886033  2.22999217  -0.41115632  0.52844592  -0.00149182  -0.00027814  32
50.0000  -0.43243932  0.50961507  0.66836463  2.27445421  -0.43393114  0.50933693  -0.00149182  -0.00027814  32
