# PauliOperators.jl SparsePauliVector correlation data
# C(t) = <psi | A B(t) | psi>
# Corrected C(t) = raw C(t) - accumulated truncation change
#
# time  Re_C  Im_C  Abs_C  Phase_C  Re_C_raw  Im_C_raw  Re_accumulated_correction  Im_accumulated_correction  n_terms
0.0000  1.00000000  0.00000000  1.00000000  0.00000000  1.00000000  0.00000000  0.00000000  0.00000000  2
0.1000  0.99812491  0.04670912  0.99921723  0.04676275  1.01376770  0.04376609  0.01564280  -0.00294303  1428
0.2000  0.99303529  0.09561424  0.99762777  0.09598894  1.04106127  0.07879727  0.04802598  -0.01681697  2344
0.3000  0.98932695  0.14735365  1.00024043  0.14785637  1.06031496  0.09555772  0.07098801  -0.05179593  3447
0.4000  0.98760680  0.20015023  1.00768414  0.19995373  1.07484258  0.11805451  0.08723578  -0.08209572  4979
0.5000  0.98255541  0.25299523  1.01460422  0.25201273  1.09399950  0.17525951  0.11144409  -0.07773572  6477
0.6000  0.97335863  0.30512266  1.02006219  0.30377200  1.12911843  0.24635806  0.15575979  -0.05876460  8047
0.7000  0.96020221  0.35761802  1.02463600  0.35652468  1.18595546  0.32183174  0.22575324  -0.03578628  9982
0.8000  0.94118233  0.41571566  1.02890412  0.41592618  1.26858408  0.39867639  0.32740175  -0.01703927  12035
0.9000  0.91630877  0.47997664  1.03440773  0.48251790  1.37607885  0.46688038  0.45977008  -0.01309626  14068
1.0000  0.88546315  0.55335802  1.04415041  0.55855348  1.51632282  0.51510353  0.63085967  -0.03825449  15794
1.1000  0.85318911  0.63743571  1.06501453  0.64165616  1.68524267  0.52888824  0.83205356  -0.10854747  17387
1.2000  0.82568885  0.73263302  1.10386286  0.72575358  1.86685326  0.49268513  1.04116441  -0.23994789  18629
1.3000  0.80740444  0.83808834  1.16374138  0.80404325  2.04650716  0.40144626  1.23910272  -0.43664208  20383
1.4000  0.79940466  0.95149830  1.24273763  0.87204649  2.21386098  0.27506293  1.41445632  -0.67643537  21883
1.5000  0.79893310  1.07114254  1.33627858  0.92994365  2.35640687  0.18457996  1.55747377  -0.88656257  24315
1.6000  0.80171259  1.19069212  1.43544098  0.97820415  2.45080535  0.14174062  1.64909276  -1.04895150  26040
1.7000  0.80538873  1.30428091  1.53290564  1.01761109  2.48852307  0.14428337  1.68313435  -1.15999755  28456
1.8000  0.80788253  1.41590039  1.63016812  1.05229116  2.50701045  0.16172069  1.69912791  -1.25417970  31263
1.9000  0.80717411  1.52767992  1.72781248  1.08471428  2.55409302  0.16933212  1.74691891  -1.35834780  33748
2.0000  0.80094456  1.64299956  1.82782925  1.11720735  2.65309913  0.14541049  1.85215457  -1.49758907  36561
2.1000  0.79095047  1.76329673  1.93256772  1.14913767  2.77480580  0.07701397  1.98385532  -1.68628275  39165
2.2000  0.78532068  1.89144338  2.04799576  1.17725854  2.91144761  -0.04449275  2.12612693  -1.93593613  41931
2.3000  0.78939785  2.02919372  2.17733234  1.19979077  3.04799969  -0.22886873  2.25860183  -2.25806245  44975
2.4000  0.80690948  2.17979022  2.32434685  1.21626022  3.16161028  -0.47451313  2.35470080  -2.65430335  47666
2.5000  0.84196363  2.34206231  2.48880667  1.22568639  3.23156212  -0.75027085  2.38959849  -3.09233316  50051
2.6000  0.89241553  2.51331761  2.66705285  1.22960778  3.24320723  -1.03896478  2.35079170  -3.55228239  52261
2.7000  0.95840020  2.68797960  2.85372831  1.22829792  3.16359189  -1.31368388  2.20519169  -4.00166348  54746
2.8000  1.03951535  2.86053284  3.04355718  1.22223480  3.00519954  -1.59579895  1.96568419  -4.45633179  57066
2.9000  1.13478675  3.01892166  3.22515565  1.21124437  2.77753011  -1.87443162  1.64274335  -4.89335328  60299
3.0000  1.23870812  3.15721653  3.39152090  1.19690920  2.47218630  -2.12735380  1.23347818  -5.28457033  62513
3.1000  1.34414420  3.26844885  3.53404606  1.18063086  2.08801473  -2.34741263  0.74387053  -5.61586149  64715
3.2000  1.45508656  3.35401724  3.65605095  1.16146710  1.63927409  -2.51078343  0.18418753  -5.86480067  66838
3.3000  1.57682188  3.41585101  3.76223410  1.13832212  1.16101361  -2.59983266  -0.41580828  -6.01568367  68721
3.4000  1.70891398  3.45599771  3.85542567  1.11157627  0.69488762  -2.60437323  -1.01402636  -6.06037094  70685
3.5000  1.84437113  3.47523354  3.93433005  1.08287689  0.25742749  -2.52149631  -1.58694363  -5.99672985  72525
3.6000  1.96658730  3.47430235  3.99227284  1.05572328  -0.12268905  -2.35552504  -2.08927635  -5.82982739  74153
3.7000  2.06970970  3.45851806  4.03051429  1.03152592  -0.45163455  -2.12721085  -2.52134425  -5.58572891  75952
3.8000  2.14723112  3.43722531  4.05279154  1.01241351  -0.72263754  -1.84719904  -2.86986866  -5.28442434  78070
3.9000  2.20100583  3.40459879  4.05409911  0.99689944  -0.92216114  -1.51791178  -3.12316697  -4.92251057  79741
4.0000  2.23117070  3.35583008  4.02985337  0.98404274  -1.04974961  -1.18699326  -3.28092031  -4.54282334  80890
4.1000  2.24433490  3.29571409  3.98732623  0.97294580  -1.11181155  -0.87740596  -3.35614644  -4.17312005  81860
4.2000  2.24875961  3.22978314  3.93553286  0.96258676  -1.12158603  -0.59128849  -3.37034564  -3.82107164  83606
4.3000  2.24824336  3.16667633  3.88361136  0.95341077  -1.07194967  -0.31406798  -3.32019303  -3.48074431  84930
4.4000  2.24747491  3.10976153  3.83689461  0.94498675  -0.99427667  -0.05331080  -3.24175158  -3.16307233  86145
4.5000  2.24315598  3.05756534  3.79215698  0.93784730  -0.89205393  0.19252767  -3.13520992  -2.86503767  87182
4.6000  2.22674952  3.01321552  3.74671606  0.93437607  -0.77300643  0.42895635  -2.99975594  -2.58425918  88196
4.7000  2.19652978  2.97791776  3.70036988  0.93527473  -0.64432503  0.66607729  -2.84085481  -2.31184046  89364
4.8000  2.15497833  2.94306459  3.64767882  0.93877019  -0.51300169  0.89479162  -2.66798003  -2.04827297  89998
4.9000  2.10481818  2.90664463  3.58871043  0.94405195  -0.37460983  1.09492478  -2.47942801  -1.81171985  90839
5.0000  2.04668547  2.86822214  3.52358052  0.95101903  -0.24507090  1.27191777  -2.29175637  -1.59630437  90839
5.1000  1.98583258  2.83027701  3.45745556  0.95897125  -0.12892348  1.42516605  -2.11475605  -1.40511096  90852
5.2000  1.92348731  2.79629406  3.39397465  0.96825765  -0.01301148  1.56680708  -1.93649879  -1.22948698  90833
5.3000  1.85815430  2.76768149  3.33358640  0.97954065  0.09769047  1.70331964  -1.76046383  -1.06436186  90951
5.4000  1.78380696  2.74348165  3.27240871  0.99428175  0.19634384  1.82909738  -1.58746311  -0.91438427  91273
5.5000  1.69925309  2.72270281  3.20945036  1.01284069  0.28200689  1.95723158  -1.41724620  -0.76547123  91073
5.6000  1.60527944  2.70514393  3.14558830  1.03523104  0.34927661  2.07716809  -1.25600283  -0.62797585  90917
5.7000  1.50118731  2.68871167  3.07940478  1.06158053  0.39549916  2.19941039  -1.10568815  -0.48930128  90464
5.8000  1.38803899  2.67547522  3.01410349  1.09222136  0.43164465  2.30872124  -0.95639434  -0.36675397  90061
5.9000  1.26778495  2.66652460  2.95256365  1.12698523  0.45717983  2.41692363  -0.81060512  -0.24960097  89440
6.0000  1.14186662  2.66254570  2.89706903  1.16565847  0.48261021  2.51198659  -0.65925641  -0.15055911  88502
6.1000  1.01324750  2.66362762  2.84983904  1.20729867  0.50658450  2.58598634  -0.50666300  -0.07764127  87862
6.2000  0.88236214  2.66944230  2.81149162  1.25156029  0.52994891  2.64204411  -0.35241323  -0.02739819  86792
6.3000  0.75043281  2.67870253  2.78183332  1.29765051  0.55210236  2.67717004  -0.19833045  -0.00153248  85891
6.4000  0.61862605  2.69091329  2.76110712  1.34482818  0.57312200  2.69518934  -0.04550405  0.00427605  85256
6.5000  0.48733797  2.70388386  2.74745086  1.39247453  0.58210558  2.70117709  0.09476761  -0.00270676  84231
6.6000  0.35732952  2.71842099  2.74180544  1.44009819  0.58357840  2.70303890  0.22624888  -0.01538209  82910
6.7000  0.22769795  2.73605519  2.74551349  1.48776640  0.58445383  2.71162874  0.35675588  -0.02442644  81943
6.8000  0.09916994  2.75504748  2.75683175  1.53481613  0.58060790  2.71404198  0.48143796  -0.04100550  80728
6.9000  -0.02731819  2.77487697  2.77501144  1.58064084  0.57617427  2.70798451  0.60349246  -0.06689246  79647
7.0000  -0.15228112  2.79705424  2.80119653  1.62518602  0.57325451  2.69738769  0.72553563  -0.09966655  78858
7.1000  -0.27690539  2.82070829  2.83426743  1.66865153  0.56967815  2.68091383  0.84658354  -0.13979447  78458
7.2000  -0.39868446  2.84486325  2.87266361  1.71003141  0.56188942  2.65185143  0.96057388  -0.19301182  77763
7.3000  -0.51907285  2.86929194  2.91586571  1.74976694  0.55296861  2.61538810  1.07204146  -0.25390384  77106
7.4000  -0.63770877  2.89281539  2.96227166  1.78777174  0.54120044  2.57816327  1.17890921  -0.31465213  76437
7.5000  -0.75348102  2.91563169  3.01141857  1.82369141  0.53070930  2.54368383  1.28419032  -0.37194786  75646
7.6000  -0.86887417  2.93667510  3.06251580  1.85845987  0.51503132  2.52240481  1.38390550  -0.41427029  75219
7.7000  -0.98381933  2.95727553  3.11662943  1.89195661  0.50790555  2.50558881  1.49172487  -0.45168672  74557
7.8000  -1.09644457  2.97860465  3.17400005  1.92350997  0.51355365  2.49021543  1.60999822  -0.48838922  74026
7.9000  -1.20849521  3.00082099  3.23502508  1.95364664  0.52430383  2.48116748  1.73279904  -0.51965350  73405
8.0000  -1.31898503  3.02461042  3.29969540  1.98201787  0.53974625  2.48066698  1.85873129  -0.54394344  73079
8.1000  -1.42964143  3.04767518  3.36633312  2.00941361  0.54199727  2.47876898  1.97163869  -0.56890621  72565
8.2000  -1.54012695  3.07076662  3.43534549  2.03567899  0.54486153  2.47860038  2.08498848  -0.59216624  72020
8.3000  -1.65127520  3.09295674  3.50615047  2.06118104  0.54382388  2.48035417  2.19509908  -0.61260257  71260
8.4000  -1.76154069  3.11273944  3.57661466  2.08577491  0.54443537  2.47812621  2.30597606  -0.63461323  70660
8.5000  -1.87121267  3.12925887  3.64605237  2.10972414  0.54661511  2.47524856  2.41782777  -0.65401030  70306
8.6000  -1.98042386  3.14618664  3.71760259  2.13260215  0.56155682  2.48017973  2.54198067  -0.66600691  69726
8.7000  -2.08908822  3.16067291  3.78868616  2.15483992  0.57665541  2.49703579  2.66574363  -0.66363712  69186
8.8000  -2.19775824  3.17551663  3.86187094  2.17619700  0.58964126  2.51731482  2.78739951  -0.65820181  68792
8.9000  -2.30714295  3.18995181  3.93683898  2.19695861  0.59950398  2.54557751  2.90664693  -0.64437430  68644
9.0000  -2.41874260  3.20430607  4.01470960  2.21738868  0.60738945  2.57815719  3.02613206  -0.62614888  68322
9.1000  -2.53317409  3.21667039  4.09437900  2.23787756  0.61444566  2.61308864  3.14761975  -0.60358176  67993
9.2000  -2.64971319  3.22515706  4.17404097  2.25855589  0.61000168  2.64631850  3.25971487  -0.57883856  67704
9.3000  -2.76932635  3.23197080  4.25614893  2.27925592  0.60734933  2.68760722  3.37667567  -0.54436359  67188
9.4000  -2.89210861  3.23553832  4.33970050  2.30020713  0.60192220  2.73938472  3.49403080  -0.49615360  66683
9.5000  -3.01755323  3.23830928  4.42631613  2.32092126  0.59999167  2.79625895  3.61754490  -0.44205033  66570
9.6000  -3.14590430  3.24234145  4.51768657  2.34109961  0.60759567  2.86636790  3.75349998  -0.37597355  66313
9.7000  -3.27600878  3.24825929  4.61339592  2.36044774  0.62707148  2.92909848  3.90308027  -0.31916080  65870
9.8000  -3.40988946  3.25707175  4.71549176  2.37911212  0.65400533  2.98351455  4.06389479  -0.27355721  65810
9.9000  -3.54703431  3.26735563  4.82255795  2.39721383  0.68997798  3.02975679  4.23701229  -0.23759885  65675
10.0000  -3.68760584  3.27830654  4.93413929  2.41488447  0.72380025  3.06952000  4.41140608  -0.20878654  65737
10.1000  -3.83135208  3.28885596  5.04933979  2.43223862  0.75991837  3.10308394  4.59127045  -0.18577202  65673
10.2000  -3.97702118  3.29942148  5.16748290  2.44904909  0.78725357  3.13233969  4.76427474  -0.16708179  65580
10.3000  -4.12405681  3.30768484  5.28664578  2.46560516  0.80423927  3.15427054  4.92829609  -0.15341430  65457
10.4000  -4.27138048  3.31505667  5.40687451  2.48159013  0.82268095  3.17476647  5.09406144  -0.14029019  65297
10.5000  -4.41882280  3.32154493  5.52798840  2.49701660  0.84158209  3.19473897  5.26040489  -0.12680596  65270
10.6000  -4.56838486  3.32868288  5.65245699  2.51190626  0.86105569  3.22563369  5.42944055  -0.10304920  65066
10.7000  -4.71875253  3.33729876  5.77963566  2.52602298  0.88743296  3.25961660  5.60618548  -0.07768216  64997
10.8000  -4.87188948  3.34762149  5.91116543  2.53955659  0.91676943  3.29427132  5.78865891  -0.05335017  64754
10.9000  -5.02769226  3.35845459  6.04623078  2.55267357  0.95278577  3.32859513  5.98047803  -0.02985946  64516
11.0000  -5.18612917  3.37052559  6.18517409  2.56527957  0.98985534  3.36143366  6.17598451  -0.00909193  64321
11.1000  -5.34658079  3.38440910  6.32772875  2.57725807  1.03632501  3.39245930  6.38290580  0.00805020  63975
11.2000  -5.50945184  3.39969617  6.47394730  2.58871894  1.08281703  3.41838143  6.59226887  0.01868526  63569
11.3000  -5.67446931  3.41696166  6.62383793  2.59958343  1.13652958  3.44121610  6.81099889  0.02425443  63352
11.4000  -5.84226030  3.43840211  6.77898330  2.60964247  1.19208353  3.45715287  7.03434384  0.01875076  62752
11.5000  -6.01060626  3.46294429  6.93681272  2.61890285  1.23985039  3.46372830  7.25045664  0.00078401  62590
11.6000  -6.18083408  3.49212210  7.09912859  2.62731214  1.28352750  3.45922827  7.46436158  -0.03289382  62288
11.7000  -6.35269994  3.52623854  7.26575219  2.63485980  1.32218649  3.44662394  7.67488644  -0.07961460  62000
11.8000  -6.52566091  3.56467629  7.43580307  2.64162906  1.36386615  3.42749718  7.88952705  -0.13717911  61495
11.9000  -6.70026131  3.60679735  7.60936849  2.64777112  1.40749453  3.39942238  8.10775584  -0.20737497  61026
12.0000  -6.87376680  3.65150369  7.78345355  2.65327968  1.44232568  3.35354300  8.31609248  -0.29796069  60694
12.1000  -7.04757570  3.69814563  7.95893236  2.65834941  1.46486533  3.29921047  8.51244104  -0.39893516  60203
12.2000  -7.21905915  3.74559614  8.13291495  2.66298040  1.48682676  3.23941852  8.70588591  -0.50617762  59753
12.3000  -7.38817770  3.79436314  8.30556207  2.66714628  1.50577786  3.17098457  8.89395556  -0.62337857  59495
12.4000  -7.55437162  3.84348029  8.47589944  2.67094920  1.52029644  3.09391962  9.07466806  -0.74956067  59285
12.5000  -7.71660440  3.89264768  8.64284035  2.67439070  1.51630080  3.01606112  9.23290520  -0.87658655  58793
12.6000  -7.87375514  3.94125268  8.80508334  2.67750062  1.49422658  2.93544761  9.36798171  -1.00580507  58355
12.7000  -8.02595691  3.99068020  8.96334272  2.68017013  1.46397789  2.86012790  9.48993481  -1.13055229  57825
12.8000  -8.17398566  4.04000851  9.11787861  2.68255403  1.42320956  2.78979348  9.59719521  -1.25021503  57031
12.9000  -8.31737905  4.08894398  9.26813127  2.68467594  1.37729808  2.72695686  9.69467714  -1.36198712  56435
13.0000  -8.45589112  4.13676741  9.41355083  2.68660843  1.32750674  2.67394751  9.78339785  -1.46281990  56000
13.1000  -8.59080451  4.18354027  9.55530906  2.68841611  1.27167602  2.63029826  9.86248053  -1.55324200  55324
13.2000  -8.72244846  4.22901955  9.69359136  2.69014387  1.22326749  2.59289649  9.94571595  -1.63612305  54756
13.3000  -8.85070771  4.27364168  9.82848107  2.69175184  1.17582389  2.56200191  10.02653160  -1.71163977  53914
13.4000  -8.97627531  4.31563297  9.95982964  2.69343718  1.12564452  2.53435318  10.10191983  -1.78127979  53688
13.5000  -9.09942623  4.35593411  10.08829618  2.69512631  1.07380871  2.51172007  10.17323495  -1.84421404  53014
13.6000  -9.22168769  4.39446109  10.21522452  2.69689227  1.02716328  2.49127021  10.24885096  -1.90319089  52674
13.7000  -9.34256715  4.43311086  10.34098800  2.69854687  0.98756065  2.46579305  10.33012780  -1.96731782  52109
13.8000  -9.46253570  4.46887183  10.46472156  2.70037410  0.95046841  2.43584232  10.41300411  -2.03302951  51742
13.9000  -9.58038576  4.50288460  10.58582832  2.70222294  0.91524317  2.39677747  10.49562894  -2.10610714  51327
14.0000  -9.69756522  4.53538830  10.70572362  2.70413108  0.88058336  2.35071995  10.57814858  -2.18466835  50858
14.1000  -9.81379852  4.56568937  10.82386996  2.70614456  0.83724695  2.30225008  10.65104548  -2.26343929  50357
14.2000  -9.92777898  4.59356959  10.93899799  2.70822888  0.79503109  2.25358608  10.72281007  -2.33998351  50030
14.3000  -10.03951975  4.61781774  11.05061978  2.71048362  0.74779856  2.20179630  10.78731830  -2.41602144  49452
14.4000  -10.14788344  4.63926667  11.15806137  2.71279553  0.69331247  2.15038036  10.84119591  -2.48888631  48898
14.5000  -10.25370321  4.65909684  11.26257576  2.71510074  0.63813510  2.10824656  10.89183831  -2.55085028  48315
14.6000  -10.35614855  4.67726833  11.36339086  2.71737434  0.58837195  2.07500951  10.94452050  -2.60225883  47736
14.7000  -10.45582152  4.69318480  11.46081093  2.71968837  0.53306610  2.05294262  10.98888762  -2.64024219  47117
14.8000  -10.55274943  4.70664231  11.55478266  2.72206093  0.47571339  2.04165890  11.02846282  -2.66498341  46518
14.9000  -10.64880057  4.71642208  11.64652698  2.72465339  0.41665591  2.04518454  11.06545648  -2.67123754  45925
15.0000  -10.74291377  4.72406345  11.73571351  2.72730561  0.35747422  2.05798151  11.10038798  -2.66608194  45501
15.1000  -10.83726333  4.72828644  11.82383056  2.73019076  0.29723945  2.07635396  11.13450278  -2.65193248  44997
15.2000  -10.93221804  4.72986729  11.91155052  2.73325695  0.23584230  2.10478693  11.16806034  -2.62508035  44325
15.3000  -11.02710215  4.72911846  11.99839753  2.73645439  0.17707892  2.13376161  11.20418107  -2.59535685  43706
15.4000  -11.12307881  4.72625676  12.08554447  2.73980210  0.12428826  2.16345176  11.24736707  -2.56280500  43395
15.5000  -11.22030866  4.72094996  12.17303147  2.74332691  0.07849520  2.19763087  11.29880387  -2.52331909  42823
15.6000  -11.31904244  4.71489714  12.26176891  2.74690471  0.04480485  2.22420925  11.36384728  -2.49068789  42337
15.7000  -11.41887629  4.70649585  12.35078293  2.75064080  0.01217161  2.24519284  11.43104790  -2.46130301  41921
15.8000  -11.52023329  4.69581861  12.44051797  2.75453900  -0.01997072  2.25998856  11.50026257  -2.43583005  41355
15.9000  -11.62227843  4.68277079  12.53019147  2.75857732  -0.04780060  2.26722285  11.57447784  -2.41554794  41015
16.0000  -11.72515138  4.66661278  12.61968501  2.76281142  -0.07059929  2.27368093  11.65455208  -2.39293185  40550
16.1000  -11.82724865  4.64783690  12.70772201  2.76715519  -0.09418547  2.27681465  11.73306319  -2.37102225  40159
16.2000  -11.93003034  4.62607631  12.79555414  2.77167593  -0.12176367  2.27894676  11.80826667  -2.34712955  39602
16.3000  -12.03257252  4.60190510  12.88255922  2.77630307  -0.13661472  2.28111011  11.89595780  -2.32079498  39067
16.4000  -12.13523134  4.57682723  12.96962556  2.78093660  -0.15069989  2.28413123  11.98453144  -2.29269601  38770
16.5000  -12.23740956  4.55077919  13.05617800  2.78556506  -0.16134265  2.29023583  12.07606691  -2.26054336  38172
16.6000  -12.33884997  4.52285053  13.14166639  2.79024748  -0.17269312  2.29501368  12.16615686  -2.22783685  37606
16.7000  -12.43952169  4.49481019  13.22667829  2.79485748  -0.17860902  2.29851978  12.26091266  -2.19629040  37266
16.8000  -12.54009520  4.46553480  13.31146080  2.79949342  -0.18700437  2.30528926  12.35309083  -2.16024554  36693
16.9000  -12.64150346  4.43580649  13.39716347  2.80412312  -0.19949915  2.31665018  12.44200432  -2.11915631  36340
17.0000  -12.74316039  4.40414574  13.48275329  2.80883534  -0.21698756  2.32790862  12.52617283  -2.07623713  35867
17.1000  -12.84509673  4.37169570  13.56864891  2.81354972  -0.23667492  2.33882706  12.60842181  -2.03286864  35680
17.2000  -12.94706582  4.33845669  13.65462266  2.81826024  -0.25864798  2.34936449  12.68841785  -1.98909219  35290
17.3000  -13.04998578  4.30512167  13.74176850  2.82294002  -0.28677125  2.36014156  12.76321452  -1.94498011  34898
17.4000  -13.15361219  4.27190628  13.82992035  2.82756827  -0.31465352  2.37116547  12.83895866  -1.90074082  34529
17.5000  -13.25846811  4.23937766  13.91974495  2.83211770  -0.33850597  2.38412797  12.91996214  -1.85524969  34312
17.6000  -13.36419691  4.20607873  14.01045529  2.83667986  -0.36162283  2.39847479  13.00257409  -1.80760394  34021
17.7000  -13.47131521  4.17115652  14.10230053  2.84132233  -0.38290428  2.41115697  13.08841093  -1.75999955  33554
17.8000  -13.57932318  4.13616760  14.19527740  2.84592739  -0.39962128  2.42416056  13.17970191  -1.71200704  33255
17.9000  -13.68883056  4.09925664  14.28943621  2.85063138  -0.41475092  2.42985292  13.27407964  -1.66940372  32881
18.0000  -13.79929682  4.06095984  14.38443560  2.85538494  -0.42419771  2.43184655  13.37509911  -1.62911330  32614
18.1000  -13.90977196  4.02129725  14.47938491  2.86016680  -0.43072939  2.43200054  13.47904257  -1.58929671  32161
18.2000  -14.02108439  3.98137523  14.57539558  2.86491906  -0.43971437  2.43142339  13.58137002  -1.54995184  31960
18.3000  -14.13247546  3.93936219  14.67124524  2.86974774  -0.45400602  2.43157078  13.67846944  -1.50779141  31578
18.4000  -14.24395259  3.89549127  14.76702534  2.87463652  -0.47584695  2.43342962  13.76810563  -1.46206164  31364
18.5000  -14.35481922  3.85079216  14.86234958  2.87950536  -0.49998264  2.43529608  13.85483658  -1.41549609  30977
18.6000  -14.46528648  3.80490925  14.95733423  2.88438177  -0.52236267  2.44047907  13.94292381  -1.36443018  30516
18.7000  -14.57515086  3.75802699  15.05183675  2.88925081  -0.54349117  2.44628848  14.03165969  -1.31173851  30186
18.8000  -14.68465353  3.70950274  15.14593873  2.89415824  -0.55627029  2.45470970  14.12838324  -1.25479304  29890
18.9000  -14.79386954  3.65992664  15.23987005  2.89906743  -0.56001344  2.46653755  14.23385611  -1.19338909  29556
19.0000  -14.90303888  3.61029046  15.33410464  2.90391945  -0.55823272  2.47845006  14.34480616  -1.13184040  29358
19.1000  -15.01268455  3.56005164  15.42902022  2.90875721  -0.55719830  2.48880162  14.45548625  -1.07125001  29117
19.2000  -15.12303734  3.50933037  15.52487224  2.91357628  -0.55229634  2.49995746  14.57074100  -1.00937291  28784
19.3000  -15.23432089  3.45968049  15.62222526  2.91828241  -0.54029708  2.51284729  14.69402382  -0.94683320  28494
19.4000  -15.34638179  3.41223275  15.72115664  2.92280413  -0.52391248  2.52433559  14.82246931  -0.88789716  28286
19.5000  -15.45991618  3.36587659  15.82207741  2.92722161  -0.50358135  2.53444634  14.95633483  -0.83143025  27977
19.6000  -15.57503545  3.32052705  15.92506293  2.93154193  -0.47738378  2.54109980  15.09765168  -0.77942725  27597
19.7000  -15.69194294  3.27800116  16.03066950  2.93565702  -0.43755855  2.54364565  15.25438439  -0.73435550  27388
19.8000  -15.80938709  3.23701113  16.13737777  2.93963161  -0.39478202  2.54106527  15.41460507  -0.69594586  27146
19.9000  -15.92738202  3.19842666  16.24535106  2.94341541  -0.34642435  2.53261668  15.58095767  -0.66580998  26950
20.0000  -16.04524035  3.16181034  16.35380025  2.94702949  -0.30138563  2.51955759  15.74385473  -0.64225274  26606
20.1000  -16.16337493  3.12657710  16.46299406  2.95051661  -0.26375663  2.50413085  15.89961830  -0.62244625  26510
20.2000  -16.28111822  3.09237769  16.57219389  2.95389205  -0.23406568  2.48422713  16.04705254  -0.60815057  26278
20.3000  -16.39807963  3.05900868  16.68096369  2.95716573  -0.20659254  2.46100855  16.19148709  -0.59800013  26034
20.4000  -16.51376800  3.02510726  16.78856181  2.96041448  -0.18948513  2.43733893  16.32428287  -0.58776834  25667
20.5000  -16.62881503  2.99204235  16.89585176  2.96356637  -0.17093005  2.41580608  16.45788497  -0.57623627  25465
20.6000  -16.74252976  2.95982149  17.00214239  2.96661594  -0.14852955  2.39354448  16.59400021  -0.56627702  25184
20.7000  -16.85483810  2.92836265  17.10733396  2.96956963  -0.12439427  2.37161098  16.73044384  -0.55675167  24898
20.8000  -16.96627898  2.89789042  17.21198395  2.97242221  -0.10293355  2.35316175  16.86334543  -0.54472867  24608
20.9000  -17.07653571  2.86731831  17.31558795  2.97523465  -0.07816597  2.33386334  16.99836974  -0.53345496  24275
21.0000  -17.18564284  2.83858715  17.41849295  2.97789859  -0.05274351  2.31491637  17.13289932  -0.52367078  23891
21.1000  -17.29403047  2.81004607  17.52084042  2.98051393  -0.02791177  2.29486049  17.26611871  -0.51518557  23656
21.2000  -17.40210194  2.78231881  17.62312259  2.98305043  -0.00511149  2.27807502  17.39699045  -0.50424380  23357
21.3000  -17.50881334  2.75555860  17.72432362  2.98549183  0.01736021  2.25688578  17.52617355  -0.49867282  22937
21.4000  -17.61497084  2.73026790  17.82530675  2.98781927  0.03982002  2.23548901  17.65479086  -0.49477890  22720
21.5000  -17.72096253  2.70671000  17.92648298  2.99002352  0.06597318  2.21370126  17.78693570  -0.49300874  22505
21.6000  -17.82557013  2.68407701  18.02651435  2.99214086  0.09049455  2.19050665  17.91606468  -0.49357037  22266
21.7000  -17.93011948  2.66306760  18.12680650  2.99414575  0.11740370  2.16522415  18.04752318  -0.49784345  21930
21.8000  -18.03434949  2.64421633  18.22716768  2.99600887  0.14766017  2.14111119  18.18200966  -0.50310514  21493
21.9000  -18.13678797  2.62660810  18.32599651  2.99777045  0.17507889  2.11214921  18.31186686  -0.51445889  21290
22.0000  -18.23791141  2.61129376  18.42390479  2.99937977  0.20225624  2.07969890  18.44016764  -0.53159487  21019
22.1000  -18.33882694  2.59687993  18.52178066  3.00092236  0.22465060  2.04534007  18.56347754  -0.55153986  20700
22.2000  -18.43803261  2.58386167  18.61820044  3.00236176  0.24396759  2.00784215  18.68200019  -0.57601952  20358
22.3000  -18.53518205  2.57151930  18.71271453  3.00373545  0.25602707  1.96405553  18.79120911  -0.60746376  20074
22.4000  -18.63054283  2.56063865  18.80569053  3.00500538  0.26338892  1.91922857  18.89393175  -0.64141008  19772
22.5000  -18.72377822  2.55041965  18.89667990  3.00621295  0.26457926  1.87162171  18.98835748  -0.67879794  19520
22.6000  -18.81596977  2.54105588  18.98677654  3.00735695  0.26025488  1.82542042  19.07622464  -0.71563546  19202
22.7000  -18.90540792  2.53079528  19.07404974  3.00851759  0.25195274  1.77616163  19.15736066  -0.75463365  18868
22.8000  -18.99230588  2.52101378  19.15889331  3.00962542  0.24459342  1.72708122  19.23689930  -0.79393256  18676
22.9000  -19.07702817  2.51116289  19.24159409  3.01071231  0.23429124  1.67767668  19.31131942  -0.83348620  18402
23.0000  -19.16009337  2.50134719  19.32267879  3.01177698  0.22570426  1.63161115  19.38579763  -0.86973604  18129
23.1000  -19.24115612  2.49061838  19.40168211  3.01286618  0.21341157  1.58823111  19.45456769  -0.90238727  17875
23.2000  -19.31959196  2.47984731  19.47809735  3.01393152  0.20152513  1.54629636  19.52111709  -0.93355095  17648
23.3000  -19.39597842  2.46890871  19.55248038  3.01498380  0.19047058  1.50576822  19.58644900  -0.96314049  17382
23.4000  -19.47016121  2.45693962  19.62456955  3.01606614  0.17867257  1.46574130  19.64883379  -0.99119833  17077
23.5000  -19.54324024  2.44447101  19.69552431  3.01715876  0.16914046  1.42850951  19.71238071  -1.01596151  16893
23.6000  -19.61429839  2.43254326  19.76456344  3.01820380  0.16032784  1.39230773  19.77462623  -1.04023553  16582
23.7000  -19.68318884  2.42048229  19.83145626  3.01923490  0.15261317  1.35702258  19.83580201  -1.06345971  16387
23.8000  -19.75004338  2.40826474  19.89633013  3.02025448  0.14709431  1.31799072  19.89713769  -1.09027402  16080
23.9000  -19.81495003  2.39667144  19.95936569  3.02122467  0.14519794  1.28188201  19.96014798  -1.11478943  15917
24.0000  -19.87917808  2.38540470  20.02178505  3.02216852  0.14502670  1.24876482  20.02420478  -1.13663988  15647
24.1000  -19.94153065  2.37486375  20.08244563  3.02305958  0.14739653  1.21286438  20.08892718  -1.16199936  15389
24.2000  -20.00262987  2.36545473  20.14201027  3.02388215  0.14987834  1.17856834  20.15250821  -1.18688640  15115
24.3000  -20.06228277  2.35656500  20.20021258  3.02466600  0.15183501  1.14224106  20.21411777  -1.21432395  14873
24.4000  -20.12049106  2.34775368  20.25700145  3.02543322  0.14984991  1.10451402  20.27034097  -1.24323966  14640
24.5000  -20.17623579  2.33903729  20.31136593  3.02617756  0.14515281  1.06571595  20.32138860  -1.27332134  14384
24.6000  -20.23021064  2.33070315  20.36402710  3.02688932  0.13878594  1.02546190  20.36899657  -1.30524125  14248
24.7000  -20.28271264  2.32327397  20.41533820  3.02754517  0.12892922  0.98822789  20.41164185  -1.33504609  14014
24.8000  -20.33391620  2.31587189  20.46537101  3.02818923  0.12056204  0.95315191  20.45447824  -1.36271998  13737
24.9000  -20.38273394  2.30852112  20.51304737  3.02881458  0.11218465  0.91877127  20.49491859  -1.38974985  13567
25.0000  -20.43052230  2.30129346  20.55972259  3.02942547  0.10178000  0.88755602  20.53230231  -1.41373743  13311
25.1000  -20.47676948  2.29313360  20.60477008  3.03007023  0.09003351  0.85580386  20.56680299  -1.43732974  13121
25.2000  -20.52186971  2.28507746  20.64869767  3.03070104  0.07698799  0.82593860  20.59885770  -1.45913886  12874
25.3000  -20.56533866  2.27698270  20.69100781  3.03132235  0.06771439  0.79388827  20.63305305  -1.48309443  12613
25.4000  -20.60715705  2.26865356  20.73165962  3.03194365  0.05682414  0.76514249  20.66398119  -1.50351106  12415
25.5000  -20.64775591  2.25991799  20.77106289  3.03257557  0.04839864  0.73785266  20.69615455  -1.52206532  12138
25.6000  -20.68647619  2.25043504  20.80852602  3.03323105  0.03732677  0.70859665  20.72380296  -1.54183839  11849
25.7000  -20.72448495  2.24131157  20.84532931  3.03386335  0.02548294  0.68415193  20.74996789  -1.55715964  11624
25.8000  -20.76019188  2.23184581  20.87981568  3.03449794  0.01370930  0.66045931  20.77390118  -1.57138650  11472
25.9000  -20.79526288  2.22251016  20.91369192  3.03512102  0.00476866  0.63867942  20.80003154  -1.58383074  11212
26.0000  -20.82835317  2.21306674  20.94559525  3.03573721  -0.00501430  0.61654968  20.82333887  -1.59651706  11049
26.1000  -20.86045930  2.20257849  20.97641805  3.03639614  -0.01821328  0.59679384  20.84224602  -1.60578465  10800
26.2000  -20.89106613  2.19180187  21.00572873  3.03705933  -0.03314804  0.57948673  20.85791808  -1.61231514  10574
26.3000  -20.92115852  2.18056414  21.03448915  3.03773994  -0.04746897  0.56444757  20.87368956  -1.61611657  10417
26.4000  -20.95028112  2.16897003  21.06225795  3.03843078  -0.05938390  0.54951079  20.89089722  -1.61945924  10242
26.5000  -20.97853477  2.15677114  21.08911053  3.03914411  -0.07329887  0.53719341  20.90523590  -1.61957773  10098
26.6000  -21.00609766  2.14454559  21.11528391  3.03985357  -0.08464251  0.52469886  20.92145515  -1.61984673  9879
26.7000  -21.03353772  2.13223404  21.14133702  3.04056472  -0.09503891  0.51399758  20.93849881  -1.61823647  9653
26.8000  -21.06047212  2.11997605  21.16690304  3.04126922  -0.10248706  0.50802305  20.95798506  -1.61195301  9480
26.9000  -21.08681809  2.10704045  21.19182665  3.04200107  -0.11138394  0.50185496  20.97543416  -1.60518549  9314
27.0000  -21.11213917  2.09448274  21.21577899  3.04270871  -0.11676286  0.49556102  20.99537631  -1.59892172  9163
27.1000  -21.13747054  2.08160764  21.23972107  3.04342967  -0.12159476  0.48818855  21.01587578  -1.59341909  8937
27.2000  -21.16202699  2.06748309  21.26278140  3.04420394  -0.12921610  0.48208144  21.03281089  -1.58540165  8771
27.3000  -21.18608843  2.05361417  21.28538640  3.04496234  -0.13288867  0.47437972  21.05319976  -1.57923444  8661
27.4000  -21.20979875  2.04000987  21.30767945  3.04570519  -0.13488678  0.46915922  21.07491197  -1.57085065  8418
27.5000  -21.23323276  2.02595622  21.32966648  3.04646623  -0.13799585  0.46194243  21.09523692  -1.56401378  8238
27.6000  -21.25584155  2.01229104  21.35088090  3.04720394  -0.13873103  0.45326601  21.11711052  -1.55902503  8046
27.7000  -21.27851480  1.99949152  21.37225206  3.04790015  -0.13794112  0.44579491  21.14057368  -1.55369661  7948
27.8000  -21.30034216  1.98631132  21.39275598  3.04860901  -0.13880460  0.43518430  21.16153756  -1.55112702  7761
27.9000  -21.32149314  1.97338469  21.41262051  3.04930181  -0.13920583  0.42360311  21.18228731  -1.54978158  7640
28.0000  -21.34213960  1.96063892  21.43200942  3.04998276  -0.14198468  0.41189482  21.20015492  -1.54874410  7491
28.1000  -21.36232339  1.94814616  21.45097046  3.05064879  -0.14407293  0.40251874  21.21825046  -1.54562743  7416
28.2000  -21.38188690  1.93584493  21.46934054  3.05130214  -0.14719031  0.39409863  21.23469659  -1.54174631  7287
28.3000  -21.40085912  1.92318730  21.48709894  3.05196844  -0.15143518  0.38656540  21.24942394  -1.53662189  7089
28.4000  -21.41920200  1.91088382  21.50427146  3.05261463  -0.15514962  0.37953002  21.26405238  -1.53135380  6946
28.5000  -21.43684844  1.89852595  21.52075444  3.05325945  -0.15821771  0.37002042  21.27863072  -1.52850554  6849
28.6000  -21.45426166  1.88593846  21.53699393  3.05391296  -0.16103110  0.36310745  21.29323056  -1.52283102  6704
28.7000  -21.47139345  1.87325324  21.55295373  3.05456886  -0.16432424  0.35762765  21.30706921  -1.51562559  6530
28.8000  -21.48738312  1.85964465  21.56770530  3.05526188  -0.16801463  0.35125699  21.31936850  -1.50838766  6442
28.9000  -21.50335745  1.84656593  21.58249725  3.05592943  -0.16802620  0.34489801  21.33533125  -1.50166791  6349
29.0000  -21.51856141  1.83338919  21.59652289  3.05659756  -0.16969525  0.33892005  21.34886616  -1.49446914  6210
29.1000  -21.53397307  1.82022179  21.61076591  3.05726520  -0.17016959  0.33557068  21.36380348  -1.48465111  6097
29.2000  -21.54881166  1.80720748  21.62446029  3.05792269  -0.16985006  0.33134616  21.37896159  -1.47586132  5935
29.3000  -21.56359912  1.79384926  21.63808453  3.05859499  -0.16927476  0.32664185  21.39432436  -1.46720741  5818
29.4000  -21.57817308  1.78080444  21.65153153  3.05925121  -0.16936009  0.32203173  21.40881299  -1.45877270  5699
29.5000  -21.59253911  1.76789161  21.66479139  3.05989976  -0.16723788  0.31764512  21.42530124  -1.45024648  5605
29.6000  -21.60688860  1.75475225  21.67802552  3.06055787  -0.16561495  0.31313385  21.44127366  -1.44161840  5481
29.7000  -21.62068712  1.74116772  21.69068409  3.06123359  -0.16586818  0.30557904  21.45481894  -1.43558869  5382
29.8000  -21.63431076  1.72773539  21.70319036  3.06190089  -0.16575255  0.29711251  21.46855821  -1.43062288  5332
29.9000  -21.64757886  1.71460994  21.71537607  3.06255204  -0.16501843  0.28892071  21.48256043  -1.42568923  5225
30.0000  -21.66102218  1.70183223  21.72777290  3.06318714  -0.16344302  0.28201812  21.49757916  -1.41981410  5108
30.1000  -21.67325664  1.68968857  21.73902253  3.06378812  -0.16128748  0.27425586  21.51196915  -1.41543271  5021
30.2000  -21.68533899  1.67762206  21.75013432  3.06438440  -0.15872271  0.26593951  21.52661628  -1.41168255  4889
30.3000  -21.69672245  1.66554738  21.76055636  3.06497798  -0.15722788  0.25765218  21.53949458  -1.40789520  4800
30.4000  -21.70794342  1.65423687  21.77088209  3.06553543  -0.15414175  0.24855058  21.55380166  -1.40568629  4652
30.5000  -21.71908533  1.64334457  21.78116730  3.06607293  -0.15211374  0.24056281  21.56697159  -1.40278176  4555
30.6000  -21.72966494  1.63280787  21.79092472  3.06659172  -0.14983483  0.23411569  21.57983011  -1.39869218  4495
30.7000  -21.73975890  1.62252946  21.80022291  3.06709657  -0.14707340  0.22692381  21.59268550  -1.39560565  4391
30.8000  -21.74941130  1.61269223  21.80911892  3.06757932  -0.14437683  0.21999174  21.60503447  -1.39270049  4317
30.9000  -21.75859943  1.60309018  21.81757427  3.06804936  -0.14192134  0.21393903  21.61667809  -1.38915115  4220
31.0000  -21.76779437  1.59355490  21.82604611  3.06851601  -0.13868452  0.20982796  21.62910985  -1.38372694  4150
31.1000  -21.77646996  1.58405048  21.83400696  3.06897917  -0.13623190  0.20431255  21.64023806  -1.37973793  4043
31.2000  -21.78463333  1.57450194  21.84145841  3.06944231  -0.13445784  0.19709761  21.65017549  -1.37740433  3940
31.3000  -21.79316248  1.56546288  21.84931589  3.06988307  -0.13314440  0.19205053  21.66001808  -1.37341235  3849
31.4000  -21.80097584  1.55641959  21.85646333  3.07032138  -0.13180055  0.18580071  21.66917528  -1.37061888  3766
31.5000  -21.80818803  1.54772631  21.86304009  3.07074148  -0.13010350  0.17902475  21.67808453  -1.36870156  3712
31.6000  -21.81544833  1.53921074  21.86968120  3.07115339  -0.12736912  0.17466150  21.68807922  -1.36454923  3603
31.7000  -21.82190987  1.53037113  21.87550654  3.07157726  -0.12684745  0.16768810  21.69506242  -1.36268303  3527
31.8000  -21.82850516  1.52164656  21.88147723  3.07199609  -0.12610133  0.16131241  21.70240383  -1.36033415  3447
31.9000  -21.83443242  1.51359733  21.88683202  3.07238180  -0.12493416  0.15498578  21.70949826  -1.35861154  3380
32.0000  -21.84047588  1.50575330  21.89232010  3.07275833  -0.12493335  0.15067723  21.71554252  -1.35507607  3302
32.1000  -21.84646481  1.49765423  21.89773944  3.07314612  -0.12494203  0.14679934  21.72152278  -1.35085489  3245
32.2000  -21.85226204  1.48969563  21.90298038  3.07352673  -0.12555506  0.14106204  21.72670698  -1.34863359  3174
32.3000  -21.85775370  1.48151715  21.90790474  3.07391623  -0.12729841  0.13549744  21.73045529  -1.34601972  3084
32.4000  -21.86289982  1.47360672  21.91250568  3.07429228  -0.12733716  0.13041862  21.73556266  -1.34318810  3023
32.5000  -21.86800639  1.46549201  21.91705660  3.07467736  -0.12880392  0.12589747  21.73920247  -1.33959453  2969
32.6000  -21.87274254  1.45761614  21.92125706  3.07505028  -0.12915571  0.12191210  21.74358682  -1.33570405  2912
32.7000  -21.87746753  1.45009948  21.92547318  3.07540668  -0.12893375  0.11918217  21.74853378  -1.33091732  2901
32.8000  -21.88189448  1.44241868  21.92938389  3.07576952  -0.12973181  0.11638266  21.75216267  -1.32603602  2822
32.9000  -21.88608479  1.43499477  21.93307816  3.07611983  -0.12984564  0.11351601  21.75623915  -1.32147875  2758
33.0000  -21.89040561  1.42729109  21.93688715  3.07648314  -0.13111037  0.11309482  21.75929524  -1.31419626  2708
33.1000  -21.89433101  1.41969868  21.94031164  3.07684010  -0.13131850  0.11084745  21.76301252  -1.30885122  2636
33.2000  -21.89799220  1.41214604  21.94347782  3.07719436  -0.13207682  0.10923343  21.76591538  -1.30291261  2584
33.3000  -21.90160916  1.40487483  21.94662063  3.07753559  -0.13123929  0.10878931  21.77036986  -1.29608552  2501
33.4000  -21.90537752  1.39777941  21.94992829  3.07786917  -0.12934980  0.10774958  21.77602772  -1.29002983  2477
33.5000  -21.90937194  1.39042593  21.95344764  3.07821504  -0.12932819  0.10788175  21.78004375  -1.28254418  2406
33.6000  -21.91322469  1.38333185  21.95684457  3.07854859  -0.12829299  0.10763427  21.78493171  -1.27569759  2356
33.7000  -21.91708278  1.37627229  21.96025143  3.07888049  -0.12709535  0.10749278  21.78998743  -1.26877952  2310
33.8000  -21.92081991  1.36939920  21.96355162  3.07920347  -0.12530592  0.10669082  21.79551399  -1.26270838  2288
33.9000  -21.92443635  1.36237455  21.96672423  3.07953290  -0.12375250  0.10684644  21.80068385  -1.25552811  2239
34.0000  -21.92786249  1.35524612  21.96970290  3.07986642  -0.12269288  0.10624802  21.80516961  -1.24899810  2185
34.1000  -21.93130173  1.34825401  21.97270544  3.08019368  -0.12040742  0.10681532  21.81089431  -1.24143869  2131
34.2000  -21.93442331  1.34117523  21.97538798  3.08052392  -0.11829461  0.10582549  21.81612870  -1.23534973  2080
34.3000  -21.93785914  1.33430198  21.97839906  3.08084560  -0.11671546  0.10576635  21.82114368  -1.22853564  2033
34.4000  -21.94112170  1.32774367  21.98125849  3.08115242  -0.11367476  0.10515337  21.82744695  -1.22259030  1991
34.5000  -21.94454481  1.32134352  21.98428975  3.08145242  -0.11090364  0.10525020  21.83364117  -1.21609332  1961
34.6000  -21.94804601  1.31533071  21.98742409  3.08173496  -0.10737370  0.10574829  21.84067230  -1.20958241  1920
34.7000  -21.95161612  1.30875737  21.99059563  3.08204305  -0.10559145  0.10458721  21.84602468  -1.20417016  1880
34.8000  -21.95517291  1.30288691  21.99379758  3.08231912  -0.10265894  0.10439291  21.85251397  -1.19849400  1837
34.9000  -21.95884938  1.29694377  21.99711638  3.08259872  -0.10046628  0.10385777  21.85838310  -1.19308600  1825
35.0000  -21.96259012  1.29093845  22.00049742  3.08288124  -0.09900756  0.10247223  21.86358256  -1.18846621  1775
35.1000  -21.96603492  1.28519411  22.00360003  3.08315104  -0.09675436  0.10018380  21.86928057  -1.18501031  1725
35.2000  -21.96927404  1.27963318  22.00650956  3.08341190  -0.09403187  0.09851202  21.87524217  -1.18112116  1704
35.3000  -21.97287120  1.27430721  22.00979163  3.08366297  -0.09161963  0.09730630  21.88125157  -1.17700092  1682
35.4000  -21.97635579  1.26912616  22.01297106  3.08390711  -0.08920974  0.09636313  21.88714604  -1.17276303  1646
35.5000  -21.97986956  1.26407072  22.01618815  3.08414555  -0.08679750  0.09511525  21.89307206  -1.16895547  1624
35.6000  -21.98311618  1.25929071  22.01915552  3.08437074  -0.08433865  0.09327385  21.89877753  -1.16601686  1555
35.7000  -21.98642859  1.25439582  22.02218316  3.08460125  -0.08242702  0.09158753  21.90400157  -1.16280829  1521
35.8000  -21.98973317  1.24965901  22.02521311  3.08482451  -0.08077465  0.08913155  21.90895852  -1.16052746  1515
35.9000  -21.99296349  1.24471699  22.02815843  3.08505682  -0.08018097  0.08804685  21.91278252  -1.15667013  1454
36.0000  -21.99614829  1.24014891  22.03108052  3.08527200  -0.07799792  0.08675872  21.91815037  -1.15339020  1428
36.1000  -21.99929589  1.23567218  22.03397162  3.08548290  -0.07606624  0.08489043  21.92322965  -1.15078175  1411
36.2000  -22.00245314  1.23112562  22.03686944  3.08569692  -0.07498393  0.08255518  21.92746921  -1.14857044  1389
36.3000  -22.00559765  1.22661636  22.03975762  3.08590917  -0.07491619  0.07989003  21.93068146  -1.14672633  1361
36.4000  -22.00848056  1.22208800  22.04238452  3.08612157  -0.07490995  0.07817631  21.93357061  -1.14391169  1343
36.5000  -22.01147757  1.21772356  22.04513541  3.08632678  -0.07498509  0.07682712  21.93649247  -1.14089644  1331
36.6000  -22.01441135  1.21348149  22.04783083  3.08652624  -0.07454037  0.07602238  21.93987098  -1.13745910  1333
36.7000  -22.01730041  1.20902303  22.05047060  3.08673534  -0.07418965  0.07536555  21.94311076  -1.13365748  1298
36.8000  -22.02001788  1.20465874  22.05294516  3.08693970  -0.07329682  0.07452847  21.94672106  -1.13013027  1269
36.9000  -22.02261613  1.20031720  22.05530282  3.08714269  -0.07274419  0.07381650  21.94987194  -1.12650069  1242
37.0000  -22.02512148  1.19606745  22.05757361  3.08734125  -0.07163395  0.07317522  21.95348753  -1.12289223  1231
37.1000  -22.02771312  1.19194389  22.05993825  3.08753427  -0.07053789  0.07268400  21.95717523  -1.11925989  1211
37.2000  -22.03029352  1.18796996  22.06230054  3.08772045  -0.06907901  0.07189741  21.96121451  -1.11607254  1175
37.3000  -22.03288129  1.18394789  22.06466838  3.08790878  -0.06792021  0.07177427  21.96496108  -1.11217362  1163
37.4000  -22.03539154  1.17977038  22.06695128  3.08810393  -0.06751874  0.07113092  21.96787281  -1.10863946  1128
37.5000  -22.03793905  1.17594821  22.06929115  3.08828304  -0.06612986  0.07138218  21.97180919  -1.10456602  1108
37.6000  -22.04060546  1.17236572  22.07176319  3.08845156  -0.06423562  0.07208680  21.97636984  -1.10027892  1087
37.7000  -22.04327655  1.16893924  22.07424880  3.08861299  -0.06225324  0.07141272  21.98102332  -1.09752652  1045
37.8000  -22.04584420  1.16558775  22.07663564  3.08877075  -0.06012927  0.07050865  21.98571492  -1.09507911  1029
37.9000  -22.04837597  1.16242224  22.07899700  3.08891997  -0.05780705  0.07013365  21.99056892  -1.09228859  1012
38.0000  -22.05083814  1.15929722  22.08129146  3.08906717  -0.05625928  0.06926795  21.99457886  -1.09002928  1017
38.1000  -22.05316078  1.15636728  22.08345729  3.08920519  -0.05396563  0.06834860  21.99919515  -1.08801868  980
38.2000  -22.05556253  1.15344711  22.08570304  3.08934292  -0.05230094  0.06740204  22.00326159  -1.08604506  971
38.3000  -22.05788914  1.15065382  22.08788078  3.08947471  -0.05077402  0.06664915  22.00711511  -1.08400467  934
38.4000  -22.06010030  1.14797020  22.08994931  3.08960125  -0.04885239  0.06554859  22.01124790  -1.08242161  921
38.5000  -22.06235155  1.14546809  22.09206765  3.08971965  -0.04720753  0.06495484  22.01514402  -1.08051324  889
38.6000  -22.06456090  1.14289723  22.09414089  3.08984104  -0.04619476  0.06406823  22.01836614  -1.07882900  887
38.7000  -22.06682648  1.14042696  22.09627580  3.08995799  -0.04511744  0.06338354  22.02170904  -1.07704342  866
38.8000  -22.06902417  1.13807382  22.09834926  3.09006946  -0.04386836  0.06289667  22.02515581  -1.07517716  851
38.9000  -22.07139201  1.13579820  22.10059689  3.09017781  -0.04293678  0.06247229  22.02845523  -1.07332591  819
39.0000  -22.07366839  1.13354458  22.10275457  3.09028493  -0.04182904  0.06168341  22.03183935  -1.07186117  789
39.1000  -22.07620872  1.13139317  22.10518134  3.09038802  -0.04094424  0.06117908  22.03526448  -1.07021409  774
39.2000  -22.07865636  1.12915989  22.10751159  3.09049457  -0.03980534  0.06066186  22.03885102  -1.06849803  757
39.3000  -22.08111614  1.12688553  22.10985213  3.09060299  -0.03880475  0.05992171  22.04231139  -1.06696382  731
39.4000  -22.08356993  1.12468255  22.11219057  3.09070814  -0.03792949  0.05915299  22.04564043  -1.06552956  718
39.5000  -22.08588576  1.12238074  22.11438646  3.09081742  -0.03755829  0.05829863  22.04832747  -1.06408211  714
39.6000  -22.08817817  1.11998174  22.11655430  3.09093101  -0.03720901  0.05750666  22.05096916  -1.06247507  703
39.7000  -22.09029531  1.11759323  22.11854791  3.09104371  -0.03661067  0.05668958  22.05368464  -1.06090365  689
39.8000  -22.09255906  1.11521735  22.12068886  3.09115614  -0.03646451  0.05605952  22.05609454  -1.05915783  681
39.9000  -22.09458040  1.11297806  22.12259486  3.09126184  -0.03604160  0.05499461  22.05853881  -1.05798345  673
40.0000  -22.09654414  1.11064961  22.12443910  3.09137142  -0.03559032  0.05404364  22.06095382  -1.05660598  658
40.1000  -22.09844263  1.10845872  22.12622533  3.09147462  -0.03489380  0.05265089  22.06354883  -1.05580783  640
40.2000  -22.10038156  1.10623862  22.12805072  3.09157921  -0.03461790  0.05184750  22.06576365  -1.05439111  634
40.3000  -22.10226681  1.10395916  22.12981979  3.09168635  -0.03436051  0.05067976  22.06790630  -1.05327940  626
40.4000  -22.10418719  1.10177694  22.13162903  3.09178916  -0.03341188  0.04985232  22.07077530  -1.05192461  604
40.5000  -22.10598338  1.09975717  22.13332255  3.09188434  -0.03257936  0.04901200  22.07340402  -1.05074517  595
40.6000  -22.10766112  1.09783615  22.13490285  3.09197478  -0.03158565  0.04788171  22.07607547  -1.04995444  583
40.7000  -22.10927236  1.09585137  22.13641376  3.09206794  -0.03100347  0.04647855  22.07826888  -1.04937283  592
40.8000  -22.11088738  1.09387960  22.13792929  3.09216051  -0.03019191  0.04564429  22.08069547  -1.04823531  566
40.9000  -22.11239632  1.09172893  22.13933023  3.09226091  -0.03027467  0.04448853  22.08212164  -1.04724040  564
41.0000  -22.11397380  1.08995745  22.14081852  3.09234433  -0.02928653  0.04401297  22.08468727  -1.04594448  563
41.1000  -22.11542814  1.08813774  22.14218159  3.09242965  -0.02841057  0.04314498  22.08701757  -1.04499276  561
41.2000  -22.11671580  1.08621043  22.14337307  3.09251944  -0.02806268  0.04167250  22.08865312  -1.04453793  550
41.3000  -22.11797592  1.08440933  22.14454340  3.09260347  -0.02774674  0.04090729  22.09022918  -1.04350203  541
41.4000  -22.11924715  1.08260140  22.14572465  3.09268782  -0.02742740  0.04042670  22.09181975  -1.04217470  518
41.5000  -22.12034782  1.08087199  22.14673953  3.09276824  -0.02674526  0.03946326  22.09360256  -1.04140873  507
41.6000  -22.12140415  1.07921048  22.14771358  3.09284550  -0.02626257  0.03869003  22.09514158  -1.04052045  512
41.7000  -22.12233913  1.07755626  22.14856691  3.09292215  -0.02616953  0.03773179  22.09616960  -1.03982447  507
41.8000  -22.12338661  1.07599549  22.14953727  3.09299484  -0.02573159  0.03719499  22.09765502  -1.03880049  505
41.9000  -22.12429716  1.07449629  22.15037397  3.09306444  -0.02518928  0.03662611  22.09910788  -1.03787018  491
42.0000  -22.12515037  1.07302072  22.15115465  3.09313284  -0.02456529  0.03626417  22.10058508  -1.03675655  480
42.1000  -22.12600356  1.07170580  22.15194318  3.09319400  -0.02369487  0.03578120  22.10230869  -1.03592461  467
42.2000  -22.12685523  1.07027561  22.15272472  3.09326034  -0.02312210  0.03527340  22.10373313  -1.03500221  450
42.3000  -22.12770251  1.06899050  22.15350895  3.09332013  -0.02233607  0.03504440  22.10536644  -1.03394610  448
42.4000  -22.12868292  1.06768822  22.15442542  3.09338098  -0.02169603  0.03522082  22.10698689  -1.03246740  428
42.5000  -22.12972963  1.06647224  22.15541236  3.09343808  -0.02061242  0.03510279  22.10911721  -1.03136945  420
42.6000  -22.13074914  1.06531689  22.15637510  3.09349238  -0.01961488  0.03459263  22.11113426  -1.03072426  410
42.7000  -22.13175599  1.06420579  22.15732739  3.09354465  -0.01882274  0.03409606  22.11293325  -1.03010974  400
42.8000  -22.13282358  1.06312275  22.15834176  3.09359578  -0.01834342  0.03364596  22.11448016  -1.02947679  394
42.9000  -22.13392619  1.06200508  22.15938951  3.09364855  -0.01768523  0.03341909  22.11624096  -1.02858598  385
43.0000  -22.13502709  1.06099869  22.16044094  3.09369629  -0.01680659  0.03333908  22.11822050  -1.02765961  380
43.1000  -22.13598617  1.06000208  22.16135122  3.09374328  -0.01592524  0.03262597  22.12006093  -1.02737611  369
43.2000  -22.13701338  1.05907652  22.16233302  3.09378722  -0.01514935  0.03232496  22.12186404  -1.02675156  354
43.3000  -22.13811545  1.05811405  22.16338785  3.09383297  -0.01449210  0.03201282  22.12362335  -1.02610123  345
43.4000  -22.13895165  1.05714199  22.16417671  3.09387858  -0.01392184  0.03106899  22.12502981  -1.02607300  347
43.5000  -22.13981074  1.05620957  22.16499037  3.09392245  -0.01329641  0.03023009  22.12651433  -1.02597948  338
43.6000  -22.14069661  1.05532531  22.16583311  3.09396420  -0.01280552  0.02991681  22.12789109  -1.02540850  332
43.7000  -22.14167488  1.05464487  22.16677789  3.09399696  -0.01188089  0.03015571  22.12979398  -1.02448916  330
43.8000  -22.14262616  1.05385498  22.16769054  3.09403459  -0.01107852  0.02969886  22.13154764  -1.02415613  322
43.9000  -22.14359110  1.05317178  22.16862192  3.09406745  -0.00997996  0.02944909  22.13361114  -1.02372269  306
44.0000  -22.14456364  1.05256033  22.16956432  3.09409708  -0.00902183  0.02919014  22.13554181  -1.02337019  295
44.1000  -22.14552999  1.05204444  22.17050510  3.09412239  -0.00771091  0.02870151  22.13781909  -1.02334293  292
44.2000  -22.14640933  1.05151839  22.17135849  3.09414797  -0.00697288  0.02789382  22.13943646  -1.02362457  291
44.3000  -22.14730767  1.05115801  22.17223873  3.09416613  -0.00592006  0.02702992  22.14138761  -1.02412808  280
44.4000  -22.14820063  1.05083305  22.17311528  3.09418268  -0.00498995  0.02628701  22.14321068  -1.02454603  272
44.5000  -22.14911765  1.05048610  22.17401483  3.09420027  -0.00454089  0.02552732  22.14457676  -1.02495879  271
44.6000  -22.14998523  1.05011771  22.17486399  3.09421872  -0.00398042  0.02478422  22.14600481  -1.02533350  265
44.7000  -22.15079991  1.04990843  22.17566785  3.09422988  -0.00307773  0.02405066  22.14772218  -1.02585777  258
44.8000  -22.15160940  1.04964136  22.17646379  3.09424364  -0.00231468  0.02309996  22.14929473  -1.02654140  249
44.9000  -22.15241580  1.04944757  22.17726011  3.09425409  -0.00207292  0.02254509  22.15034288  -1.02690249  242
45.0000  -22.15317108  1.04932294  22.17800865  3.09426132  -0.00150342  0.02179973  22.15166766  -1.02752321  234
45.1000  -22.15393284  1.04917597  22.17876260  3.09426956  -0.00108205  0.02119142  22.15285078  -1.02798455  233
45.2000  -22.15460665  1.04912517  22.17943326  3.09427328  -0.00024421  0.02033913  22.15436245  -1.02878604  232
45.3000  -22.15528107  1.04914255  22.18010774  3.09427394  0.00041446  0.01976800  22.15569553  -1.02937455  226
45.4000  -22.15590410  1.04909024  22.18072760  3.09427762  0.00089745  0.01899575  22.15680155  -1.03009449  222
45.5000  -22.15653127  1.04907101  22.18135316  3.09427983  0.00120295  0.01814571  22.15773422  -1.03092531  222
45.6000  -22.15713519  1.04904931  22.18195538  3.09428209  0.00144129  0.01776716  22.15857649  -1.03128215  223
45.7000  -22.15775535  1.04903257  22.18257405  3.09428417  0.00166768  0.01748946  22.15942303  -1.03154310  228
45.8000  -22.15830624  1.04901345  22.18312342  3.09428620  0.00192455  0.01701042  22.16023080  -1.03200303  225
45.9000  -22.15881186  1.04898895  22.18362732  3.09428838  0.00224014  0.01652896  22.16105200  -1.03245999  225
46.0000  -22.15929602  1.04898916  22.18411094  3.09428941  0.00238081  0.01628163  22.16167682  -1.03270752  220
46.1000  -22.15974875  1.04899473  22.18456343  3.09429012  0.00261133  0.01591573  22.16236007  -1.03307900  216
46.2000  -22.16017868  1.04902143  22.18499415  3.09428984  0.00282004  0.01577993  22.16299872  -1.03324151  218
46.3000  -22.16057907  1.04902662  22.18539433  3.09429046  0.00302208  0.01510267  22.16360115  -1.03392395  214
46.4000  -22.16089201  1.04902654  22.18570692  3.09429113  0.00318559  0.01441613  22.16407760  -1.03461041  206
46.5000  -22.16122248  1.04902365  22.18603688  3.09429196  0.00326499  0.01374804  22.16448748  -1.03527561  208
46.6000  -22.16151189  1.04903811  22.18632665  3.09429193  0.00330814  0.01312512  22.16482003  -1.03591299  208
46.7000  -22.16177448  1.04907628  22.18659075  3.09429077  0.00330128  0.01257298  22.16507577  -1.03650330  199
46.8000  -22.16211420  1.04909747  22.18693109  3.09429054  0.00329141  0.01238592  22.16540561  -1.03671155  196
46.9000  -22.16242476  1.04909080  22.18724099  3.09429150  0.00341841  0.01204646  22.16584317  -1.03704434  182
47.0000  -22.16276091  1.04906971  22.18757577  3.09429317  0.00299603  0.01153052  22.16575694  -1.03753919  180
47.1000  -22.16314784  1.04900638  22.18795927  3.09429684  0.00281251  0.01133110  22.16596035  -1.03767528  177
47.2000  -22.16352964  1.04891802  22.18833646  3.09430163  0.00264433  0.01119855  22.16617397  -1.03771947  168
47.3000  -22.16390107  1.04891984  22.18870757  3.09430234  0.00269543  0.01142333  22.16659650  -1.03749651  163
47.4000  -22.16426143  1.04895158  22.18906902  3.09430168  0.00264423  0.01150770  22.16690566  -1.03744388  155
47.5000  -22.16457965  1.04899567  22.18938897  3.09430037  0.00269571  0.01120915  22.16727537  -1.03778653  156
47.6000  -22.16483962  1.04906940  22.18965214  3.09429761  0.00310503  0.01099443  22.16794465  -1.03807497  154
47.7000  -22.16507564  1.04908480  22.18988862  3.09429742  0.00311838  0.01071699  22.16819402  -1.03836782  147
47.8000  -22.16533351  1.04914332  22.19014897  3.09429533  0.00347201  0.01063080  22.16880552  -1.03851251  141
47.9000  -22.16567491  1.04915806  22.19049069  3.09429540  0.00351311  0.01068708  22.16918802  -1.03847098  140
48.0000  -22.16611353  1.04911399  22.19092673  3.09429832  0.00359981  0.01108090  22.16971334  -1.03803310  135
48.1000  -22.16636822  1.04913578  22.19118217  3.09429788  0.00396178  0.01082690  22.17033000  -1.03830888  128
48.2000  -22.16664885  1.04910788  22.19146116  3.09429973  0.00411645  0.01067645  22.17076529  -1.03843143  130
48.3000  -22.16687551  1.04904860  22.19168477  3.09430288  0.00424322  0.01043130  22.17111873  -1.03861731  127
48.4000  -22.16709788  1.04904010  22.19190649  3.09430374  0.00454676  0.01010535  22.17164464  -1.03893475  120
48.5000  -22.16732376  1.04912336  22.19213606  3.09430047  0.00497214  0.01000812  22.17229590  -1.03911524  120
48.6000  -22.16749007  1.04921147  22.19230634  3.09429686  0.00529345  0.00951498  22.17278353  -1.03969649  120
48.7000  -22.16766725  1.04932827  22.19248884  3.09429198  0.00554077  0.00913675  22.17320801  -1.04019152  115
48.8000  -22.16781490  1.04950893  22.19264488  3.09428416  0.00585944  0.00873424  22.17367434  -1.04077469  113
48.9000  -22.16795841  1.04962582  22.19279375  3.09427921  0.00594743  0.00833707  22.17390584  -1.04128875  117
49.0000  -22.16811587  1.04982524  22.19296046  3.09427057  0.00613511  0.00794897  22.17425098  -1.04187626  110
49.1000  -22.16818779  1.05000667  22.19304089  3.09426256  0.00635908  0.00736572  22.17454687  -1.04264095  107
49.2000  -22.16831248  1.05020289  22.19317472  3.09425399  0.00651214  0.00712239  22.17482461  -1.04308050  104
49.3000  -22.16840413  1.05046555  22.19327870  3.09424236  0.00685941  0.00664396  22.17526354  -1.04382160  101
49.4000  -22.16854886  1.05070862  22.19343478  3.09423173  0.00691156  0.00625125  22.17546042  -1.04445737  97
49.5000  -22.16868957  1.05098796  22.19358856  3.09421946  0.00695476  0.00600913  22.17564433  -1.04497883  92
49.6000  -22.16881199  1.05132065  22.19372659  3.09420475  0.00714684  0.00563900  22.17595883  -1.04568165  91
49.7000  -22.16886010  1.05162244  22.19378895  3.09419127  0.00712929  0.00520945  22.17598940  -1.04641299  87
49.8000  -22.16895492  1.05198394  22.19390079  3.09417520  0.00720747  0.00490876  22.17616239  -1.04707519  82
49.9000  -22.16901683  1.05231654  22.19397841  3.09416036  0.00727502  0.00450576  22.17629185  -1.04781078  82
50.0000  -22.16912296  1.05265902  22.19410065  3.09414518  0.00728473  0.00426842  22.17640769  -1.04839060  83
