# PauliOperators.jl SparsePauliVector correlation data
# C(t) = <psi | A B(t) | psi>
# Corrected C(t) = raw C(t) - accumulated truncation change
#
# time  Re_C  Im_C  Abs_C  Phase_C  Re_C_raw  Im_C_raw  Re_accumulated_correction  Im_accumulated_correction  n_terms
0.0000  1.00000000  0.00000000  1.00000000  0.00000000  1.00000000  0.00000000  0.00000000  0.00000000  2
0.1000  0.99707153  0.07642365  0.99999611  0.07649854  0.99689556  0.07644952  -0.00017598  0.00002587  12
0.2000  0.98830562  0.15223112  0.99996115  0.15283130  0.98786969  0.15236008  -0.00043593  0.00012896  14
0.3000  0.97375956  0.22687942  0.99984096  0.22890940  0.97311406  0.22723460  -0.00064550  0.00035518  14
0.4000  0.95352823  0.29982840  0.99955648  0.30465223  0.95283537  0.30058592  -0.00069286  0.00075752  20
0.5000  0.92774369  0.37055367  0.99900870  0.38000096  0.92706181  0.37194620  -0.00068188  0.00139253  20
0.6000  0.89657335  0.43856450  0.99808947  0.45493507  0.89590569  0.44033632  -0.00066766  0.00177182  22
0.7000  0.86027398  0.50337839  0.99672520  0.52941935  0.85957558  0.50515021  -0.00069840  0.00177182  22
0.8000  0.81912403  0.56453872  0.99482066  0.60343952  0.81830051  0.56631055  -0.00082352  0.00177182  22
0.9000  0.77341737  0.62161715  0.99226121  0.67700995  0.77234717  0.62338898  -0.00107020  0.00177182  22
1.0000  0.72347968  0.67421671  0.98893428  0.75016692  0.72236770  0.67598854  -0.00111197  0.00177182  24
1.1000  0.66966525  0.72201091  0.98475952  0.82299383  0.66855327  0.72378274  -0.00111197  0.00177182  24
1.2000  0.61235287  0.76469116  0.97965740  0.89557718  0.61124090  0.76646299  -0.00111197  0.00177182  24
1.3000  0.55194387  0.80199151  0.97356685  0.96802253  0.55083190  0.80376333  -0.00111197  0.00177182  24
1.4000  0.48885874  0.83369058  0.96644858  1.04045239  0.48774677  0.83546240  -0.00111197  0.00177182  24
1.5000  0.42352165  0.85961324  0.95828258  1.11301493  0.42240967  0.86138506  -0.00111197  0.00177182  28
1.6000  0.35633267  0.87963093  0.94906456  1.18590683  0.35522069  0.88140275  -0.00111197  0.00177182  28
1.7000  0.28774159  0.89365964  0.93884119  1.25929726  0.28662962  0.89543147  -0.00111197  0.00177182  28
1.8000  0.21820547  0.90166336  0.92769092  1.33335805  0.21709350  0.90343518  -0.00111197  0.00177182  28
1.9000  0.14818326  0.90365415  0.91572327  1.40826063  0.14707128  0.90542597  -0.00111197  0.00177182  28
2.0000  0.07813556  0.89969163  0.90307818  1.48416665  0.07702358  0.90155954  -0.00111197  0.00186790  30
2.1000  0.00848497  0.88988215  0.88992260  1.56126168  0.00737299  0.89157223  -0.00111197  0.00169008  30
2.2000  -0.06026565  0.87437654  0.87645096  1.63961163  -0.06137762  0.87606663  -0.00111197  0.00169008  32
2.3000  -0.12770807  0.85337209  0.86287501  1.71934504  -0.12882005  0.85506217  -0.00111197  0.00169008  32
2.4000  -0.19342093  0.82710661  0.84942157  1.80052055  -0.19453291  0.82879669  -0.00111197  0.00169008  32
2.5000  -0.25700072  0.79585749  0.83632441  1.88314854  -0.25811269  0.79754757  -0.00111197  0.00169008  32
2.6000  -0.31806475  0.75993897  0.82381577  1.96718248  -0.31917673  0.76162905  -0.00111197  0.00169008  32
2.7000  -0.37625400  0.71969907  0.81211687  2.05251203  -0.37736598  0.72138915  -0.00111197  0.00169008  32
2.8000  -0.43123559  0.67551625  0.80142769  2.13895891  -0.43234756  0.67720633  -0.00111197  0.00169008  32
2.9000  -0.48270513  0.62779590  0.79191662  2.22627697  -0.48381711  0.62948598  -0.00111197  0.00169008  32
3.0000  -0.53038882  0.57696646  0.78371078  2.31415721  -0.53150079  0.57865654  -0.00111197  0.00169008  32
3.1000  -0.57404516  0.52347551  0.77688767  2.40223819  -0.57515713  0.52516559  -0.00111197  0.00169008  32
3.2000  -0.61346652  0.46778562  0.77146909  2.49012148  -0.61457849  0.46947571  -0.00111197  0.00169008  32
3.3000  -0.64848029  0.41037015  0.76741797  2.57739098  -0.64959226  0.41206024  -0.00111197  0.00169008  32
3.4000  -0.67894980  0.35170894  0.76463848  2.66363393  -0.68006177  0.35339902  -0.00111197  0.00169008  32
3.5000  -0.70477489  0.29228398  0.76297940  2.74846169  -0.70588686  0.29397406  -0.00111197  0.00169008  32
3.6000  -0.72589216  0.23257518  0.76224054  2.83152774  -0.72700414  0.23426526  -0.00111197  0.00169008  32
3.7000  -0.74227519  0.17306274  0.76218316  2.91253296  -0.74322897  0.17475282  -0.00095377  0.00169008  32
3.8000  -0.75393448  0.11420718  0.76253556  2.99125405  -0.75485508  0.11589726  -0.00092059  0.00169008  32
3.9000  -0.76091554  0.05645694  0.76300711  3.06753229  -0.76161479  0.05814702  -0.00069925  0.00169008  30
4.0000  -0.76328768  0.00025447  0.76328773  3.14125926  -0.76398693  0.00175996  -0.00069925  0.00150549  32
4.1000  -0.76118258  -0.05400821  0.76309620  -3.07075834  -0.76188183  -0.05250271  -0.00069925  0.00150549  28
4.2000  -0.75475165  -0.10594903  0.76215172  -3.00212795  -0.75545090  -0.10444354  -0.00069925  0.00150549  32
4.3000  -0.74416586  -0.15521550  0.76018069  -2.93596423  -0.74486510  -0.15361004  -0.00069925  0.00160546  32
4.4000  -0.72962087  -0.20148566  0.75693004  -2.87215652  -0.73032012  -0.19988021  -0.00069925  0.00160546  32
4.5000  -0.71134564  -0.24447114  0.75218266  -2.81056437  -0.71204488  -0.24286568  -0.00069925  0.00160546  32
4.6000  -0.68959247  -0.28391969  0.74575342  -2.75102299  -0.69029171  -0.28231423  -0.00069925  0.00160546  32
4.7000  -0.66463439  -0.31961706  0.73749165  -2.69334834  -0.66533363  -0.31801160  -0.00069925  0.00160546  32
4.8000  -0.63676233  -0.35138837  0.72728265  -2.63734094  -0.63746158  -0.34978291  -0.00069925  0.00160546  32
4.9000  -0.60628226  -0.37909927  0.71504855  -2.58278834  -0.60698151  -0.37749381  -0.00069925  0.00160546  32
5.0000  -0.57351214  -0.40265652  0.70074849  -2.52946611  -0.57421139  -0.40105106  -0.00069925  0.00160546  32
5.1000  -0.53877892  -0.42200830  0.68437835  -2.47713773  -0.53947817  -0.42040284  -0.00069925  0.00160546  32
5.2000  -0.50241538  -0.43714408  0.66597009  -2.42555317  -0.50311462  -0.43553862  -0.00069925  0.00160546  32
5.3000  -0.46475704  -0.44809408  0.64559074  -2.37444622  -0.46545629  -0.44648862  -0.00069925  0.00160546  32
5.4000  -0.42613909  -0.45492836  0.62334127  -2.32353066  -0.42683833  -0.45332290  -0.00069925  0.00160546  32
5.5000  -0.38689329  -0.45775553  0.59935511  -2.27249500  -0.38759254  -0.45615007  -0.00069925  0.00160546  32
5.6000  -0.34734507  -0.45672107  0.57379678  -2.22099570  -0.34804432  -0.45511562  -0.00069925  0.00160546  32
5.7000  -0.30781060  -0.45200538  0.54686034  -2.16864882  -0.30850985  -0.45039992  -0.00069925  0.00160546  32
5.8000  -0.26859416  -0.44382139  0.51876802  -2.11501979  -0.26909521  -0.44221594  -0.00050105  0.00160546  30
5.9000  -0.22998617  -0.43238881  0.48974863  -2.05963447  -0.23029723  -0.43078335  -0.00031107  0.00160546  32
6.0000  -0.19226095  -0.41799437  0.46009083  -2.00190257  -0.19257202  -0.41638891  -0.00031107  0.00160546  32
6.1000  -0.15567210  -0.40093860  0.43009948  -1.94114921  -0.15598317  -0.39933314  -0.00031107  0.00160546  32
6.2000  -0.12045190  -0.38153604  0.40009800  -1.87659616  -0.12076297  -0.37993058  -0.00031107  0.00160546  32
6.3000  -0.08680967  -0.36011826  0.37043364  -1.80734219  -0.08712074  -0.35851280  -0.00031107  0.00160546  32
6.4000  -0.05493028  -0.33703017  0.34147719  -1.73235904  -0.05524135  -0.33542471  -0.00031107  0.00160546  32
6.5000  -0.02497288  -0.31262624  0.31362209  -1.65050801  -0.02528395  -0.31102079  -0.00031107  0.00160546  32
6.6000  0.00293007  -0.28726667  0.28728162  -1.56059684  0.00261900  -0.28566122  -0.00031107  0.00160546  32
6.7000  0.02867350  -0.26131350  0.26288194  -1.46150521  0.02836243  -0.25970804  -0.00031107  0.00160546  32
6.8000  0.05218013  -0.23512675  0.24084716  -1.35241217  0.05186906  -0.23352129  -0.00031107  0.00160546  32
6.9000  0.07340061  -0.20906060  0.22157163  -1.23314429  0.07308954  -0.20745515  -0.00031107  0.00160546  32
7.0000  0.09231340  -0.18345969  0.20537581  -1.10460730  0.09200233  -0.18185424  -0.00031107  0.00160546  32
7.1000  0.10892426  -0.15865547  0.19244753  -0.96915714  0.10861319  -0.15705001  -0.00031107  0.00160546  32
7.2000  0.12326560  -0.13496274  0.18278225  -0.83066485  0.12295453  -0.13335728  -0.00031107  0.00160546  32
7.3000  0.13539549  -0.11267643  0.17614743  -0.69407037  0.13508442  -0.11107097  -0.00031107  0.00160546  32
7.4000  0.14539640  -0.09206854  0.17209512  -0.56449158  0.14508534  -0.09046308  -0.00031107  0.00160546  32
7.5000  0.15337378  -0.07338533  0.17002624  -0.44627880  0.15306271  -0.07177987  -0.00031107  0.00160546  32
7.6000  0.15945430  -0.05684484  0.16928381  -0.34245026  0.15914323  -0.05523938  -0.00031107  0.00160546  32
7.7000  0.16378400  -0.04263467  0.16924218  -0.25465874  0.16347293  -0.04102921  -0.00031107  0.00160546  32
7.8000  0.16652619  -0.03091011  0.16937062  -0.18352837  0.16621512  -0.02930465  -0.00031107  0.00160546  32
7.9000  0.16785917  -0.02179257  0.16926789  -0.12910441  0.16754811  -0.02018712  -0.00031107  0.00160546  32
8.0000  0.16797388  -0.01536847  0.16867547  -0.09123917  0.16766281  -0.01374136  -0.00031107  0.00162711  32
8.1000  0.16706967  -0.01168841  0.16747804  -0.06984750  0.16675860  -0.01006130  -0.00031107  0.00162711  32
8.2000  0.16535655  -0.01076707  0.16570673  -0.06502249  0.16535931  -0.00913996  0.00000276  0.00162711  32
8.3000  0.16304681  -0.01255773  0.16352969  -0.07686743  0.16304957  -0.01093062  0.00000276  0.00162711  32
8.4000  0.16035505  -0.01702680  0.16125648  -0.10578550  0.16035780  -0.01539969  0.00000276  0.00162711  32
8.5000  0.15749625  -0.02408105  0.15932660  -0.15172413  0.15749900  -0.02245394  0.00000276  0.00162711  32
8.6000  0.15468217  -0.03359301  0.15828791  -0.21385357  0.15468493  -0.03196590  0.00000276  0.00162711  32
8.7000  0.15211869  -0.04540241  0.15874972  -0.29004977  0.15212145  -0.04377530  0.00000276  0.00162711  32
8.8000  0.15000323  -0.05931792  0.16130587  -0.37657291  0.15000598  -0.05769082  0.00000276  0.00162711  32
8.9000  0.14852228  -0.07511931  0.16643851  -0.46825937  0.14852503  -0.07349220  0.00000276  0.00162711  32
9.0000  0.14784907  -0.09255978  0.17443239  -0.55934851  0.14785183  -0.09093267  0.00000276  0.00162711  32
9.1000  0.14814137  -0.11136870  0.18533444  -0.64463494  0.14814413  -0.10974159  0.00000276  0.00162711  32
9.2000  0.14953945  -0.13125455  0.19897186  -0.72037141  0.14954221  -0.12962744  0.00000276  0.00162711  32
9.3000  0.15216425  -0.15190805  0.21501166  -0.78455559  0.15216701  -0.15028094  0.00000276  0.00162711  32
9.4000  0.15611578  -0.17300556  0.23303017  -0.83667098  0.15611854  -0.17137846  0.00000276  0.00162711  32
9.5000  0.16147169  -0.19421260  0.25257007  -0.87718994  0.16147445  -0.19258549  0.00000276  0.00162711  32
9.6000  0.16828616  -0.21518744  0.27317735  -0.90710015  0.16828891  -0.21356033  0.00000276  0.00162711  32
9.7000  0.17658895  -0.23558493  0.29442132  -0.92756627  0.17659170  -0.23395783  0.00000276  0.00162711  32
9.8000  0.18638482  -0.25506022  0.31590349  -0.93973057  0.18638758  -0.25343311  0.00000276  0.00162711  32
9.9000  0.19765317  -0.27327256  0.33726053  -0.94461503  0.19765593  -0.27164545  0.00000276  0.00162711  32
10.0000  0.21034792  -0.28988913  0.35816471  -0.94308510  0.21035068  -0.28826203  0.00000276  0.00162711  32
10.1000  0.22439774  -0.30458873  0.37832346  -0.93584634  0.22440049  -0.30296162  0.00000276  0.00162711  32
10.2000  0.23970650  -0.31706539  0.39747914  -0.92345609  0.23970926  -0.31543828  0.00000276  0.00162711  32
10.3000  0.25615407  -0.32703185  0.41540913  -0.90634049  0.25615683  -0.32540475  0.00000276  0.00162711  32
10.4000  0.27359729  -0.33422293  0.43192644  -0.88481208  0.27360004  -0.33259583  0.00000276  0.00162711  32
10.5000  0.29187125  -0.33839858  0.44688078  -0.85908579  0.29187401  -0.33677147  0.00000276  0.00162711  32
10.6000  0.31079087  -0.33934678  0.46015997  -0.82929282  0.31079363  -0.33771967  0.00000276  0.00162711  32
10.7000  0.33015259  -0.33688616  0.47169166  -0.79549255  0.33015535  -0.33525906  0.00000276  0.00162711  32
10.8000  0.34973640  -0.33086833  0.48144512  -0.75768276  0.34973916  -0.32924123  0.00000276  0.00162711  32
10.9000  0.36930800  -0.32117987  0.48943325  -0.71580909  0.36931075  -0.31955276  0.00000276  0.00162711  32
11.0000  0.38862114  -0.30774400  0.49571439  -0.66977434  0.38862389  -0.30611690  0.00000276  0.00162711  32
11.1000  0.40742016  -0.29052194  0.50039403  -0.61944865  0.40742292  -0.28889483  0.00000276  0.00162711  32
11.2000  0.42544264  -0.26951379  0.50362597  -0.56468143  0.42544539  -0.26788668  0.00000276  0.00162711  32
11.3000  0.44242209  -0.24475919  0.50561286  -0.50531623  0.44242485  -0.24313208  0.00000276  0.00162711  32
11.4000  0.45809088  -0.21633741  0.50660550  -0.44120932  0.45809364  -0.21471030  0.00000276  0.00162711  32
11.5000  0.47218303  -0.18436724  0.50690047  -0.37225281  0.47218579  -0.18274013  0.00000276  0.00162711  32
11.6000  0.48443718  -0.14900631  0.50683554  -0.29840223  0.48443993  -0.14731491  0.00000276  0.00169141  30
11.7000  0.49459456  -0.11045037  0.50677713  -0.21971003  0.49459731  -0.10875896  0.00000276  0.00169141  32
11.8000  0.50241664  -0.06893167  0.50712331  -0.13634893  0.50241939  -0.06724027  0.00000276  0.00169141  32
11.9000  0.50767318  -0.02471713  0.50827452  -0.04864867  0.50767593  -0.02302572  0.00000276  0.00169141  32
12.0000  0.51014983  0.02189365  0.51061941  0.04288980  0.51015259  0.02358505  0.00000276  0.00169141  32
12.1000  0.50965079  0.07057071  0.51451351  0.13759382  0.50965355  0.07226212  0.00000276  0.00169141  32
12.2000  0.50600123  0.12095652  0.52025736  0.23464078  0.50600398  0.12264793  0.00000276  0.00169141  32
12.3000  0.49904958  0.17266897  0.52807675  0.33310300  0.49905234  0.17436037  0.00000276  0.00169141  32
12.4000  0.48866968  0.22530464  0.53810802  0.43201089  0.48867244  0.22699604  0.00000276  0.00169141  32
12.5000  0.47476263  0.27844232  0.55039048  0.53042454  0.47476539  0.28013372  0.00000276  0.00169141  32
12.6000  0.45725844  0.33164671  0.56486708  0.62750074  0.45726120  0.33333811  0.00000276  0.00169141  32
12.7000  0.43611746  0.38447229  0.58139263  0.72254442  0.43612022  0.38616370  0.00000276  0.00169141  32
12.8000  0.41133149  0.43646733  0.59974772  0.81503784  0.41133425  0.43815874  0.00000276  0.00169141  32
12.9000  0.38291610  0.48717765  0.61965055  0.90465747  0.38291886  0.48898137  0.00000276  0.00180372  32
13.0000  0.35093680  0.53615107  0.64079217  0.99123031  0.35093956  0.53795479  0.00000276  0.00180372  32
13.1000  0.31548379  0.58294195  0.66283583  1.07474027  0.31548655  0.58474567  0.00000276  0.00180372  32
13.2000  0.27668028  0.62711496  0.68543793  1.15528833  0.27668304  0.62891869  0.00000276  0.00180372  32
13.3000  0.23468219  0.66824921  0.70826036  1.23306209  0.23468495  0.67005293  0.00000276  0.00180372  32
13.4000  0.18967748  0.70594214  0.73098006  1.30830868  0.18968023  0.70774587  0.00000276  0.00180372  32
13.5000  0.14188514  0.73981346  0.75329632  1.38131212  0.14188790  0.74161719  0.00000276  0.00180372  32
13.6000  0.09155397  0.76950873  0.77493601  1.45237583  0.09155673  0.77131246  0.00000276  0.00180372  32
13.7000  0.03896098  0.79470286  0.79565734  1.52180971  0.03896373  0.79650659  0.00000276  0.00180372  32
13.8000  -0.01559048  0.81510331  0.81525240  1.58992100  -0.01558772  0.81690703  0.00000276  0.00180372  32
13.9000  -0.07177278  0.83045302  0.83354877  1.65700816  -0.07177003  0.83225674  0.00000276  0.00180372  32
14.0000  -0.12923629  0.84053307  0.85041041  1.72335675  -0.12923353  0.84233679  0.00000276  0.00180372  32
14.1000  -0.18761208  0.84516499  0.86573792  1.78923709  -0.18760932  0.84696871  0.00000276  0.00180372  32
14.2000  -0.24651486  0.84421270  0.87946840  1.85490279  -0.24651210  0.84601642  0.00000276  0.00180372  32
14.3000  -0.30554581  0.83758415  0.89157471  1.92058953  -0.30554305  0.83938788  0.00000276  0.00180372  32
14.4000  -0.36429574  0.82523249  0.90206432  1.98651417  -0.36429298  0.82703621  0.00000276  0.00180372  32
14.5000  -0.42234837  0.80715686  0.91097769  2.05287391  -0.42234561  0.80896059  0.00000276  0.00180372  32
14.6000  -0.47928370  0.78340287  0.91838605  2.11984513  -0.47928095  0.78520660  0.00000276  0.00180372  32
14.7000  -0.53468148  0.75406253  0.92438877  2.18758219  -0.53467873  0.75586626  0.00000276  0.00180372  32
14.8000  -0.58812468  0.71927387  0.92911008  2.25621585  -0.58812192  0.72107760  0.00000276  0.00180372  32
14.9000  -0.63920302  0.67922010  0.93269526  2.32585157  -0.63920026  0.68102383  0.00000276  0.00180372  32
15.0000  -0.68751645  0.63412839  0.93530620  2.39656771  -0.68751370  0.63593211  0.00000276  0.00180372  32
15.1000  -0.73267864  0.58426823  0.93711651  2.46841383  -0.73267588  0.58607195  0.00000276  0.00180372  32
15.2000  -0.77432026  0.52994946  0.93830608  2.54140928  -0.77431750  0.53175318  0.00000276  0.00180372  32
15.3000  -0.81209231  0.47151989  0.93905534  2.61554243  -0.81208956  0.47332361  0.00000276  0.00180372  32
15.4000  -0.84566920  0.40936258  0.93953931  2.69077055  -0.84566644  0.41116631  0.00000276  0.00180372  32
15.5000  -0.87475168  0.34389285  0.93992170  2.76702098  -0.87474892  0.34569657  0.00000276  0.00180372  32
15.6000  -0.89906963  0.27555492  0.94034925  2.84419337  -0.89906688  0.27735864  0.00000276  0.00180372  32
15.7000  -0.91838456  0.20481836  0.94094673  2.92216335  -0.91838180  0.20662209  0.00000276  0.00180372  32
15.8000  -0.93249187  0.13217430  0.94181269  3.00078752  -0.93248912  0.13397802  0.00000276  0.00180372  32
15.9000  -0.94122294  0.05813136  0.94301637  3.07990948  -0.94122018  0.05993509  0.00000276  0.00180372  32
16.0000  -0.94444677  -0.01678844  0.94459597  -3.12381857  -0.94444401  -0.01498472  0.00000276  0.00180372  32
16.1000  -0.94207147  -0.09205405  0.94655829  -3.04418738  -0.94206871  -0.09025032  0.00000276  0.00180372  32
16.2000  -0.93404534  -0.16712969  0.94887988  -2.96453534  -0.93404258  -0.16532596  0.00000276  0.00180372  32
16.3000  -0.92035767  -0.24147934  0.95150960  -2.88500077  -0.92035492  -0.23967561  0.00000276  0.00180372  32
16.4000  -0.90103918  -0.31457113  0.95437236  -2.80570168  -0.90103642  -0.31276741  0.00000276  0.00180372  32
16.5000  -0.87616210  -0.38588178  0.95737390  -2.72673159  -0.87615935  -0.38407806  0.00000276  0.00180372  32
16.6000  -0.84583996  -0.45490088  0.96040619  -2.64815680  -0.84583721  -0.45309716  0.00000276  0.00180372  32
16.7000  -0.81022698  -0.52113514  0.96335331  -2.57001510  -0.81022422  -0.51933142  0.00000276  0.00180372  32
16.8000  -0.76951713  -0.58411246  0.96609729  -2.49231602  -0.76951437  -0.58230873  0.00000276  0.00180372  32
16.9000  -0.72394290  -0.64338579  0.96852393  -2.41504216  -0.72394015  -0.64158207  0.00000276  0.00180372  32
17.0000  -0.67377368  -0.69853684  0.97052805  -2.33815158  -0.67377092  -0.69673312  0.00000276  0.00180372  32
17.1000  -0.61931385  -0.74917948  0.97201829  -2.26158103  -0.61931110  -0.74737576  0.00000276  0.00180372  32
17.2000  -0.56090061  -0.79496286  0.97292109  -2.18524965  -0.56089786  -0.79315914  0.00000276  0.00180372  32
17.3000  -0.49890147  -0.83557425  0.97318395  -2.10906318  -0.49889871  -0.83377052  0.00000276  0.00180372  32
17.4000  -0.43371150  -0.87074153  0.97277771  -2.03291831  -0.43370875  -0.86893781  0.00000276  0.00180372  32
17.5000  -0.36575250  -0.90023529  0.97169875  -1.95670943  -0.36574975  -0.89843156  0.00000276  0.00180372  32
17.6000  -0.29546344  -0.92387091  0.96996706  -1.88032719  -0.29546068  -0.92206719  0.00000276  0.00180372  32
17.7000  -0.22330339  -0.94150946  0.96762827  -1.80366935  -0.22330064  -0.93970573  0.00000276  0.00180372  32
17.8000  -0.14974595  -0.95305886  0.96475129  -1.72664360  -0.14974320  -0.95125514  0.00000276  0.00180372  32
17.9000  -0.07527553  -0.95847451  0.96142592  -1.64917226  -0.07527278  -0.95667079  0.00000276  0.00180372  32
18.0000  -0.00038364  -0.95775937  0.95775944  -1.57119689  -0.00038088  -0.95595564  0.00000276  0.00180372  32
18.1000  0.07443497  -0.95096376  0.95387244  -1.49268240  0.07443772  -0.94916004  0.00000276  0.00180372  32
18.2000  0.14868612  -0.93818470  0.94989372  -1.41362077  0.14868887  -0.93638097  0.00000276  0.00180372  32
18.3000  0.22188006  -0.91956480  0.94595464  -1.33403374  0.22188282  -0.91776108  0.00000276  0.00180372  32
18.4000  0.29353532  -0.89529086  0.94218294  -1.25397453  0.29353807  -0.89348713  0.00000276  0.00180372  32
18.5000  0.36318238  -0.86559199  0.93869640  -1.17352807  0.36318513  -0.86378827  0.00000276  0.00180372  32
18.6000  0.43036738  -0.83073746  0.93559650  -1.09280957  0.43037014  -0.82893374  0.00000276  0.00180372  32
18.7000  0.49465562  -0.79103417  0.93296261  -1.01196136  0.49465838  -0.78923044  0.00000276  0.00180372  32
18.8000  0.55563489  -0.74682375  0.93084685  -0.93114800  0.55563765  -0.74502003  0.00000276  0.00180372  32
18.9000  0.61291866  -0.69847954  0.92927012  -0.85054983  0.61292142  -0.69667581  0.00000276  0.00180372  32
19.0000  0.66614878  -0.64640922  0.92822361  -0.77036030  0.66632725  -0.64460549  0.00017847  0.00180372  32
19.1000  0.71499869  -0.59101333  0.92764211  -0.69074751  0.71517716  -0.58920960  0.00017847  0.00180372  32
19.2000  0.75917448  -0.53275859  0.92745760  -0.61190647  0.75935294  -0.53095486  0.00017847  0.00180372  32
19.3000  0.79841920  -0.47210908  0.92755604  -0.53400141  0.79859767  -0.47030535  0.00017847  0.00180372  32
19.4000  0.83251371  -0.40953995  0.92779418  -0.45717222  0.83269218  -0.40773622  0.00017847  0.00180372  32
19.5000  0.86127376  -0.34553327  0.92800093  -0.38153067  0.86145223  -0.34372955  0.00017847  0.00180372  32
19.6000  0.88456281  -0.28058466  0.92799737  -0.30716235  0.88474128  -0.27878094  0.00017847  0.00180372  32
19.7000  0.90228400  -0.21518452  0.92758869  -0.23411548  0.90246246  -0.21338080  0.00017847  0.00180372  32
19.8000  0.91438123  -0.14981918  0.92657370  -0.16240456  0.91455970  -0.14801546  0.00017847  0.00180372  32
19.9000  0.92084044  -0.08496692  0.92475213  -0.09201052  0.92101891  -0.08316320  0.00017847  0.00180372  32
20.0000  0.92168939  -0.02109393  0.92193074  -0.02288216  0.92186786  -0.01929021  0.00017847  0.00180372  32
20.1000  0.91699709  0.04134954  0.91792889  0.04506181  0.91717556  0.04315326  0.00017847  0.00180372  32
20.2000  0.90687292  0.10193287  0.91258359  0.11193059  0.90705139  0.10373659  0.00017847  0.00180372  32
20.3000  0.89146543  0.16024854  0.90575395  0.17785907  0.89164390  0.16205227  0.00017847  0.00180372  32
20.4000  0.87096076  0.21591540  0.89732497  0.24300579  0.87113923  0.21771912  0.00017847  0.00180372  32
20.5000  0.84558079  0.26858158  0.88721076  0.30755135  0.84575925  0.27038530  0.00017847  0.00180372  32
20.6000  0.81558098  0.31792721  0.87535710  0.37169710  0.81575945  0.31973093  0.00017847  0.00180372  32
20.7000  0.78124799  0.36366677  0.86174355  0.43566432  0.78142646  0.36547049  0.00017847  0.00180372  32
20.8000  0.74289696  0.40555109  0.84638501  0.49969374  0.74307543  0.40735481  0.00017847  0.00180372  32
20.9000  0.70086867  0.44336904  0.82933286  0.56404534  0.70104714  0.44517276  0.00017847  0.00180372  32
21.0000  0.65552640  0.47694882  0.81067567  0.62899815  0.65570487  0.47875254  0.00017847  0.00180372  32
21.1000  0.60725272  0.50615889  0.79053949  0.69484998  0.60743119  0.50796261  0.00017847  0.00180372  32
21.2000  0.55644607  0.53090851  0.76908782  0.76191653  0.55662454  0.53271223  0.00017847  0.00180372  32
21.3000  0.50351725  0.55114792  0.74652103  0.83052938  0.50369572  0.55295164  0.00017847  0.00180372  32
21.4000  0.44888585  0.56686809  0.72307534  0.90103238  0.44906432  0.56867181  0.00017847  0.00180372  32
21.5000  0.39297663  0.57810014  0.69902104  0.97377518  0.39315510  0.57990386  0.00017847  0.00180372  32
21.6000  0.33621587  0.58491437  0.67465987  1.04910325  0.33639434  0.58671810  0.00017847  0.00180372  32
21.7000  0.27902775  0.58741894  0.65032107  1.12734277  0.27920622  0.58922266  0.00017847  0.00180372  32
21.8000  0.22183081  0.58575816  0.62635575  1.20877951  0.22200928  0.58756188  0.00017847  0.00180372  32
21.9000  0.16503444  0.58011057  0.60312904  1.29363085  0.16521291  0.58191429  0.00017847  0.00180372  32
22.0000  0.10903556  0.57068658  0.58100941  1.38201120  0.10921403  0.57249031  0.00017847  0.00180372  32
22.1000  0.05421537  0.55772594  0.56035482  1.47389288  0.05439384  0.55952966  0.00017847  0.00180372  32
22.2000  0.00093631  0.54149486  0.54149567  1.56906721  0.00111477  0.54329859  0.00017847  0.00180372  32
22.3000  -0.05046077  0.52228304  0.52471503  1.66711312  -0.05028230  0.52408677  0.00017847  0.00180372  32
22.4000  -0.09965920  0.50040036  0.51022787  1.76738304  -0.09948073  0.50220408  0.00017847  0.00180372  32
22.5000  -0.14636893  0.47617349  0.49816167  1.86901515  -0.14619046  0.47797721  0.00017847  0.00180372  32
22.6000  -0.19032854  0.44994239  0.48854182  1.97097723  -0.19015008  0.45174611  0.00017847  0.00180372  32
22.7000  -0.23130715  0.42205667  0.48128456  2.07213934  -0.23112868  0.42386039  0.00017847  0.00180372  32
22.8000  -0.26910584  0.39287192  0.47619985  2.17136428  -0.26892737  0.39467565  0.00017847  0.00180372  32
22.9000  -0.30355892  0.36274602  0.47300390  2.26759819  -0.30338045  0.36454974  0.00017847  0.00180372  32
23.0000  -0.33453480  0.33203544  0.47133965  2.35994405  -0.33435633  0.33383917  0.00017847  0.00180372  32
23.1000  -0.36193650  0.30109166  0.47080168  2.44770629  -0.36175804  0.30289539  0.00017847  0.00180372  32
23.2000  -0.38570195  0.27025760  0.47096195  2.53040357  -0.38552348  0.27206132  0.00017847  0.00180372  32
23.3000  -0.40580379  0.23986420  0.47139320  2.60775470  -0.40562532  0.24166792  0.00017847  0.00180372  32
23.4000  -0.42224902  0.21022718  0.47168814  2.67964659  -0.42207055  0.21203090  0.00017847  0.00180372  32
23.5000  -0.43507820  0.18164396  0.47147382  2.74609401  -0.43489973  0.18344768  0.00017847  0.00180372  32
23.6000  -0.44436439  0.15439079  0.47042133  2.80719862  -0.44418593  0.15619452  0.00017847  0.00180372  32
23.7000  -0.45021181  0.12872015  0.46825159  2.86311187  -0.45003335  0.13052387  0.00017847  0.00180372  32
23.8000  -0.45275416  0.10485837  0.46473821  2.91400411  -0.45257569  0.10666210  0.00017847  0.00180372  32
23.9000  -0.45215269  0.08300360  0.45970823  2.96003979  -0.45197422  0.08480732  0.00017847  0.00180372  32
24.0000  -0.44859411  0.06332401  0.45304150  3.00135818  -0.44841564  0.06512773  0.00017847  0.00180372  32
24.1000  -0.44228813  0.04595640  0.44466929  3.03805816  -0.44210966  0.04776013  0.00017847  0.00180372  32
24.2000  -0.43347130  0.03100486  0.43457872  3.07018735  -0.43329283  0.03295985  0.00017847  0.00195499  32
24.3000  -0.42239020  0.01853970  0.42279688  3.09772845  -0.42221173  0.02049469  0.00017847  0.00195499  32
24.4000  -0.40930219  0.00859829  0.40939249  3.12058856  -0.40912372  0.01055328  0.00017847  0.00195499  32
24.5000  -0.39448156  0.00118439  0.39448334  3.13859026  -0.39430310  0.00313938  0.00017847  0.00195499  32
24.6000  -0.37821126  -0.00373157  0.37822967  -3.13172660  -0.37803280  -0.00177658  0.00017847  0.00195499  32
24.7000  -0.36077973  -0.00621190  0.36083320  -3.12437636  -0.36060126  -0.00425691  0.00017847  0.00195499  32
24.8000  -0.34247769  -0.00635062  0.34253656  -3.12305162  -0.34229922  -0.00439563  0.00017847  0.00195499  32
24.9000  -0.32359501  -0.00427212  0.32362321  -3.12839136  -0.32341654  -0.00231713  0.00017847  0.00195499  32
25.0000  -0.30441752  -0.00012956  0.30441755  -3.14116705  -0.30423906  0.00182543  0.00017847  0.00195499  32
25.1000  -0.28522400  0.00589710  0.28528495  3.12092027  -0.28504553  0.00785209  0.00017847  0.00195499  32
25.2000  -0.26628312  0.01360332  0.26663036  3.09055108  -0.26610465  0.01555832  0.00017847  0.00195499  32
25.3000  -0.24785070  0.02276244  0.24889375  3.05001022  -0.24767223  0.02471744  0.00017847  0.00195499  32
25.4000  -0.23016695  0.03312839  0.23253885  2.99864239  -0.22998848  0.03508338  0.00017847  0.00195499  32
25.5000  -0.21345400  0.04443858  0.21803073  2.93633647  -0.21327553  0.04639357  0.00017847  0.00195499  32
25.6000  -0.19791362  0.05641700  0.20579766  2.86389919  -0.19773515  0.05837199  0.00017847  0.00195499  32
25.7000  -0.18372511  0.06877743  0.19617658  2.78339229  -0.18354664  0.07073242  0.00017847  0.00195499  32
25.8000  -0.17104353  0.08122675  0.18935067  2.69823463  -0.17086507  0.08318174  0.00017847  0.00195499  32
25.9000  -0.15999816  0.09346836  0.18529907  2.61288377  -0.15981969  0.09542335  0.00017847  0.00195499  32
26.0000  -0.15069118  0.10520563  0.18378263  2.53210679  -0.15051271  0.10716062  0.00017847  0.00195499  32
26.1000  -0.14319676  0.11614531  0.18437746  2.46012664  -0.14301829  0.11810030  0.00017847  0.00195499  32
26.2000  -0.13756038  0.12600099  0.18654519  2.40002483  -0.13738192  0.12795599  0.00017847  0.00195499  32
26.3000  -0.13379847  0.13449644  0.18971379  2.35359297  -0.13362000  0.13645143  0.00017847  0.00195499  32
26.4000  -0.13189835  0.14136884  0.19334509  2.32155181  -0.13171988  0.14332384  0.00017847  0.00195499  32
26.5000  -0.13182800  0.14637160  0.19698545  2.30396445  -0.13164953  0.14845090  0.00017847  0.00207930  32
26.6000  -0.13350827  0.14927763  0.20027049  2.30048789  -0.13332980  0.15135693  0.00017847  0.00207930  32
26.7000  -0.13684201  0.14988251  0.20295443  2.31074486  -0.13666354  0.15196181  0.00017847  0.00207930  32
26.8000  -0.14170596  0.14800669  0.20490621  2.33444972  -0.14152749  0.15008599  0.00017847  0.00207930  32
26.9000  -0.14795221  0.14349775  0.20611031  2.37147707  -0.14777374  0.14557705  0.00017847  0.00207930  32
27.0000  -0.15540991  0.13623251  0.20666770  2.42185652  -0.15523144  0.13831181  0.00017847  0.00207930  32
27.1000  -0.16388729  0.12611868  0.20679692  2.48569952  -0.16370882  0.12819798  0.00017847  0.00207930  32
27.2000  -0.17317797  0.11309636  0.20683664  2.56306626  -0.17299951  0.11517566  0.00017847  0.00207930  30
27.3000  -0.18305387  0.09713883  0.20723096  2.65372126  -0.18287541  0.09921813  0.00017847  0.00207930  32
27.4000  -0.19327168  0.07825370  0.20851279  2.75687821  -0.19309322  0.08033300  0.00017847  0.00207930  32
27.5000  -0.20358005  0.05648348  0.21127048  2.87094925  -0.20340158  0.05856278  0.00017847  0.00207930  32
27.6000  -0.21371966  0.03190542  0.21608806  2.99340077  -0.21354119  0.03398472  0.00017847  0.00207930  32
27.7000  -0.22342630  0.00463125  0.22347429  3.12086729  -0.22324783  0.00671056  0.00017847  0.00207930  32
27.8000  -0.23243389  -0.02519345  0.23379526  -3.03362441  -0.23225542  -0.02311415  0.00017847  0.00207930  32
27.9000  -0.24047768  -0.05739028  0.24723098  -2.90732344  -0.24029921  -0.05531098  0.00017847  0.00207930  32
28.0000  -0.24729732  -0.09174928  0.26376864  -2.78632643  -0.24711885  -0.08966997  0.00017847  0.00207930  32
28.1000  -0.25264004  -0.12803062  0.28322928  -2.67254302  -0.25246157  -0.12595131  0.00017847  0.00207930  32
28.2000  -0.25626367  -0.16596655  0.30531290  -2.56687844  -0.25608521  -0.16388725  0.00017847  0.00207930  32
28.3000  -0.25793967  -0.20526367  0.32964534  -2.46942915  -0.25776120  -0.20318437  0.00017847  0.00207930  32
28.4000  -0.25745594  -0.24560546  0.35581681  -2.37974686  -0.25727747  -0.24352616  0.00017847  0.00207930  32
28.5000  -0.25461956  -0.28665507  0.38340872  -2.29707813  -0.25444109  -0.28457577  0.00017847  0.00207930  32
28.6000  -0.24925935  -0.32805835  0.41201032  -2.22054118  -0.24908088  -0.32597905  0.00017847  0.00207930  32
28.7000  -0.24122819  -0.36944703  0.44122800  -2.14923830  -0.24104972  -0.36736773  0.00017847  0.00207930  32
28.8000  -0.23040517  -0.41044216  0.47069025  -2.08231818  -0.23022670  -0.40836286  0.00017847  0.00207930  32
28.9000  -0.21669741  -0.45065758  0.50005002  -2.01900458  -0.21651894  -0.44857828  0.00017847  0.00207930  32
29.0000  -0.20004172  -0.48970358  0.52898610  -1.95860491  -0.19986325  -0.48762428  0.00017847  0.00207930  32
29.1000  -0.18040589  -0.52719059  0.55720392  -1.90050770  -0.18022742  -0.52511129  0.00017847  0.00207930  32
29.2000  -0.15778969  -0.56273290  0.58443640  -1.84417489  -0.15761122  -0.56065360  0.00017847  0.00207930  32
29.3000  -0.13222559  -0.59595241  0.61044483  -1.78913221  -0.13204713  -0.59387311  0.00017847  0.00207930  32
29.4000  -0.10377916  -0.62648232  0.63501986  -1.73495933  -0.10360070  -0.62440302  0.00017847  0.00207930  32
29.5000  -0.07254907  -0.65397077  0.65798262  -1.68128082  -0.07237060  -0.65189147  0.00017847  0.00207930  32
29.6000  -0.03866683  -0.67808432  0.67918589  -1.62775826  -0.03848836  -0.67600502  0.00017847  0.00207930  32
29.7000  -0.00229617  -0.69851141  0.69851518  -1.57408355  -0.00211770  -0.69643210  0.00017847  0.00207930  32
29.8000  0.03636788  -0.71496548  0.71588984  -1.51997350  0.03654635  -0.71288618  0.00017847  0.00207930  32
29.9000  0.07710031  -0.72718807  0.73126394  -1.46516568  0.07727878  -0.72510877  0.00017847  0.00207930  32
30.0000  0.11964769  -0.73495153  0.74462697  -1.40941537  0.11982615  -0.73287223  0.00017847  0.00207930  32
30.1000  0.16373002  -0.73806158  0.75600424  -1.35249366  0.16390849  -0.73598228  0.00017847  0.00207930  32
30.2000  0.20904296  -0.73635952  0.76545693  -1.29418678  0.20922143  -0.73428022  0.00017847  0.00207930  32
30.3000  0.25526023  -0.72972419  0.77308161  -1.23429639  0.25543870  -0.72764489  0.00017847  0.00207930  32
30.4000  0.30203629  -0.71807353  0.77900932  -1.17264118  0.30221476  -0.71599423  0.00017847  0.00207930  32
30.5000  0.34900926  -0.70136590  0.78340385  -1.10905960  0.34918773  -0.69928660  0.00017847  0.00207930  32
30.6000  0.39580402  -0.67960094  0.78645932  -1.04341367  0.39598249  -0.67752164  0.00017847  0.00207930  32
30.7000  0.44203545  -0.65282014  0.78839678  -0.97559391  0.44221392  -0.65074084  0.00017847  0.00207930  32
30.8000  0.48731187  -0.62110701  0.78945980  -0.90552508  0.48749034  -0.61902771  0.00017847  0.00207930  32
30.9000  0.53123856  -0.58458685  0.78990898  -0.83317239  0.53141703  -0.58250755  0.00017847  0.00207930  32
31.0000  0.57342132  -0.54342622  0.79001523  -0.75854768  0.57359979  -0.54134691  0.00017847  0.00207930  32
31.1000  0.61347012  -0.49783192  0.79005203  -0.68171481  0.61364859  -0.49575262  0.00017847  0.00207930  32
31.2000  0.65100275  -0.44804974  0.79028675  -0.60279343  0.65118122  -0.44597044  0.00017847  0.00207930  32
31.3000  0.68564843  -0.39436277  0.79097141  -0.52196023  0.68582690  -0.39228347  0.00017847  0.00207930  32
31.4000  0.71705138  -0.33708936  0.79233321  -0.43944680  0.71722984  -0.33501006  0.00017847  0.00207930  32
31.5000  0.74487423  -0.27658082  0.79456565  -0.35553354  0.74505270  -0.27450152  0.00017847  0.00207930  32
31.6000  0.76880145  -0.21321878  0.79782073  -0.27053964  0.76897992  -0.21113948  0.00017847  0.00207930  32
31.7000  0.78854246  -0.14741224  0.80220295  -0.18480950  0.78872093  -0.14533294  0.00017847  0.00207930  32
31.8000  0.80383462  -0.07959443  0.80776566  -0.09869669  0.80401309  -0.07751513  0.00017847  0.00207930  32
31.9000  0.81444605  -0.01021939  0.81451016  -0.01254699  0.81462452  -0.00814009  0.00017847  0.00207930  32
32.0000  0.82017811  0.06024165  0.82238749  0.07331782  0.82035658  0.06232095  0.00017847  0.00207930  32
32.1000  0.82086768  0.13130401  0.83130289  0.15861391  0.82104615  0.13338331  0.00017847  0.00207930  32
32.2000  0.81638913  0.20247349  0.84112230  0.24310580  0.81656760  0.20455279  0.00017847  0.00207930  32
32.3000  0.80665592  0.27325036  0.85168042  0.32661279  0.80683439  0.27532966  0.00017847  0.00207930  32
32.4000  0.79162197  0.34313346  0.86278961  0.40901127  0.79180044  0.34521276  0.00017847  0.00207930  32
32.5000  0.77128262  0.41162424  0.87424905  0.49023337  0.77146109  0.41370354  0.00017847  0.00207930  32
32.6000  0.74567522  0.47823093  0.88585346  0.57026284  0.74585369  0.48031023  0.00017847  0.00207930  32
32.7000  0.71487940  0.54247252  0.89740124  0.64912892  0.71505787  0.54455182  0.00017847  0.00207930  32
32.8000  0.67901692  0.60388277  0.90870148  0.72689910  0.67919539  0.60596207  0.00017847  0.00207930  32
32.9000  0.63825122  0.66201405  0.91957992  0.80367149  0.63842969  0.66409335  0.00017847  0.00207930  32
33.0000  0.59278653  0.71644104  0.92988367  0.87956726  0.59296500  0.71852034  0.00017847  0.00207930  32
33.1000  0.54286663  0.76676427  0.93948477  0.95472354  0.54304510  0.76884357  0.00017847  0.00207930  32
33.2000  0.48877329  0.81261342  0.94828260  1.02928698  0.48895176  0.81469272  0.00017847  0.00207930  32
33.3000  0.43082433  0.85365038  0.95620529  1.10340794  0.43100279  0.85572968  0.00017847  0.00207930  32
33.4000  0.36937135  0.88957207  0.96321008  1.17723540  0.36954982  0.89165137  0.00017847  0.00207930  32
33.5000  0.30479721  0.92011295  0.96928282  1.25091235  0.30497568  0.92219225  0.00017847  0.00207930  32
33.6000  0.23751312  0.94504719  0.97443659  1.32457186  0.23769159  0.94712649  0.00017847  0.00207930  32
33.7000  0.16795554  0.96419054  0.97870959  1.39833349  0.16813401  0.96626984  0.00017847  0.00207930  32
33.8000  0.09658282  0.97740182  0.98216219  1.47230021  0.09676129  0.97948112  0.00017847  0.00207930  32
33.9000  0.02387163  0.98458411  0.98487345  1.54655568  0.02405010  0.98666341  0.00017847  0.00207930  32
34.0000  -0.04968678  0.98568545  0.98693697  1.62116205  -0.04950831  0.98776475  0.00017847  0.00207930  32
34.1000  -0.12359052  0.98069929  0.98845623  1.69615831  -0.12341205  0.98277859  0.00017847  0.00207930  32
34.2000  -0.19733102  0.96966446  0.98953964  1.77155926  -0.19715255  0.97174376  0.00017847  0.00207930  32
34.3000  -0.27039716  0.95266480  0.99029533  1.84735529  -0.27021869  0.95474410  0.00017847  0.00207930  32
34.4000  -0.34227937  0.92982843  0.99082595  1.92351303  -0.34210091  0.93190773  0.00017847  0.00207930  32
34.5000  -0.41247382  0.90132658  0.99122361  1.99997697  -0.41229535  0.90340588  0.00017847  0.00207930  32
34.6000  -0.48048819  0.86737174  0.99156575  2.07667382  -0.48030972  0.86945104  0.00017847  0.00207930  32
34.7000  -0.54584054  0.82821691  0.99190985  2.15351082  -0.54566207  0.83029621  0.00017847  0.00207930  32
34.8000  -0.60806847  0.78415245  0.99229146  2.23038544  -0.60789000  0.78623175  0.00017847  0.00207930  32
34.9000  -0.66673119  0.73550393  0.99272177  2.30718867  -0.66655272  0.73758323  0.00017847  0.00207930  32
35.0000  -0.72141315  0.68262932  0.99318665  2.38381044  -0.72123468  0.68470863  0.00017847  0.00207930  32
35.1000  -0.77172361  0.62591602  0.99364390  2.46014264  -0.77154514  0.62799532  0.00017847  0.00207930  30
35.2000  -0.81730750  0.56577783  0.99403023  2.53608971  -0.81712903  0.56785713  0.00017847  0.00207930  32
35.3000  -0.85784861  0.50265126  0.99426482  2.61157255  -0.85767015  0.50473056  0.00017847  0.00207930  32
35.4000  -0.89306425  0.43699156  0.99424613  2.68652787  -0.89288578  0.43907086  0.00017847  0.00207930  32
35.5000  -0.92271147  0.36926924  0.99385926  2.76091377  -0.92253301  0.37134854  0.00017847  0.00207930  32
35.6000  -0.94658911  0.29996618  0.99298069  2.83471187  -0.94641064  0.30204548  0.00017847  0.00207930  32
35.7000  -0.96453938  0.22957166  0.99148342  2.90792853  -0.96436091  0.23165096  0.00017847  0.00207930  32
35.8000  -0.97644918  0.15857838  0.98924219  2.98059516  -0.97627071  0.16065768  0.00017847  0.00207930  32
35.9000  -0.98225099  0.08747842  0.98613867  3.05276786  -0.98207252  0.08955772  0.00017847  0.00207930  32
36.0000  -0.98192336  0.01675933  0.98206637  3.12452645  -0.98174489  0.01883863  0.00017847  0.00207930  32
36.1000  -0.97549106  -0.05309984  0.97693521  -3.08721237  -0.97531259  -0.05102054  0.00017847  0.00207930  32
36.2000  -0.96302479  -0.12163231  0.97067562  -3.01595554  -0.96284632  -0.11955301  0.00017847  0.00207930  32
36.3000  -0.94464054  -0.18838725  0.96324218  -2.94474769  -0.94446207  -0.18630795  0.00017847  0.00207930  32
36.4000  -0.92049850  -0.25293327  0.95461653  -2.87343231  -0.92032003  -0.25085397  0.00017847  0.00207930  32
36.5000  -0.89080169  -0.31486176  0.94480981  -2.80183976  -0.89062322  -0.31278246  0.00017847  0.00207930  32
36.6000  -0.85579416  -0.37378995  0.93386432  -2.72979045  -0.85561569  -0.37171065  0.00017847  0.00207930  32
36.7000  -0.81575884  -0.42936375  0.92185450  -2.65709841  -0.81558037  -0.42728445  0.00017847  0.00207930  32
36.8000  -0.77101511  -0.48126032  0.90888712  -2.58357565  -0.77083665  -0.47927302  0.00017847  0.00198731  30
36.9000  -0.72190902  -0.52919001  0.89509480  -2.50903295  -0.72173055  -0.52720271  0.00017847  0.00198731  32
37.0000  -0.66883135  -0.57289865  0.88065216  -2.43329863  -0.66865288  -0.57091134  0.00017847  0.00198731  32
37.1000  -0.61219321  -0.61216949  0.86575517  -2.35621387  -0.61201474  -0.61018218  0.00017847  0.00198731  32
37.2000  -0.55242955  -0.64682420  0.85062327  -2.27764528  -0.55225108  -0.64483689  0.00017847  0.00198731  32
37.3000  -0.48999544  -0.67672379  0.83549423  -2.19749471  -0.48981698  -0.67473648  0.00017847  0.00198731  32
37.4000  -0.42536222  -0.70176918  0.82061745  -2.11570981  -0.42518375  -0.69978187  0.00017847  0.00198731  32
37.5000  -0.35901347  -0.72190145  0.80624586  -2.03229480  -0.35883501  -0.71991415  0.00017847  0.00198731  32
37.6000  -0.29144100  -0.73710173  0.79262654  -1.94732032  -0.29126254  -0.73511443  0.00017847  0.00198731  32
37.7000  -0.22314066  -0.74739068  0.77999012  -1.86093113  -0.22296219  -0.74540337  0.00017847  0.00198731  32
37.8000  -0.15460821  -0.75282767  0.76853966  -1.77334997  -0.15442975  -0.75084037  0.00017847  0.00198731  32
37.9000  -0.08633523  -0.75350967  0.75843958  -1.68487632  -0.08632324  -0.75152237  0.00001200  0.00198731  30
38.0000  -0.01880443  -0.74958244  0.74981827  -1.59587760  -0.01879243  -0.74759513  0.00001200  0.00198731  32
38.1000  0.04751373  -0.74120049  0.74272183  -1.50678017  0.04752572  -0.73921318  0.00001200  0.00198731  32
38.2000  0.11216421  -0.72856329  0.73714672  -1.41804302  0.11217620  -0.72657599  0.00001200  0.00198731  32
38.3000  0.17471172  -0.71190020  0.73302529  -1.33013662  0.17472372  -0.70991290  0.00001200  0.00198731  32
38.4000  0.23474418  -0.69146788  0.73022781  -1.24351796  0.23475617  -0.68948057  0.00001200  0.00198731  32
38.5000  0.29187589  -0.66754515  0.72856576  -1.15860609  0.29196273  -0.66555785  0.00008684  0.00198731  32
38.6000  0.34575032  -0.64043374  0.72780399  -1.07576449  0.34583716  -0.63844643  0.00008684  0.00198731  32
38.7000  0.39604334  -0.61045816  0.72767403  -0.99529043  0.39613017  -0.60847086  0.00008684  0.00198731  32
38.8000  0.44246542  -0.57795472  0.72787863  -0.91740399  0.44255225  -0.57596742  0.00008684  0.00198731  32
38.9000  0.48476368  -0.54327147  0.72810694  -0.84224909  0.48485051  -0.54128417  0.00008684  0.00198731  32
39.0000  0.52272358  -0.50676482  0.72804569  -0.76989776  0.52281042  -0.50477751  0.00008684  0.00198731  32
39.1000  0.55617035  -0.46879605  0.72738929  -0.70035774  0.55625718  -0.46680874  0.00008684  0.00198731  32
39.2000  0.58496991  -0.42972788  0.72584836  -0.63358202  0.58505675  -0.42774058  0.00008684  0.00198731  32
39.3000  0.60902959  -0.38992106  0.72315661  -0.56947873  0.60911643  -0.38793376  0.00008684  0.00198731  32
39.4000  0.62829834  -0.34973098  0.71907619  -0.50792072  0.62838518  -0.34774368  0.00008684  0.00198731  32
39.5000  0.64276659  -0.30950443  0.71340163  -0.44875393  0.64285343  -0.30751713  0.00008684  0.00198731  32
39.6000  0.65246579  -0.26957649  0.70596253  -0.39180435  0.65255262  -0.26758918  0.00008684  0.00198731  32
39.7000  0.65746747  -0.23026752  0.69662516  -0.33688334  0.65755431  -0.22828021  0.00008684  0.00198731  32
39.8000  0.65788207  -0.19188041  0.68529331  -0.28379150  0.65796891  -0.18989311  0.00008684  0.00198731  32
39.9000  0.65385732  -0.15469798  0.67190837  -0.23232093  0.65394416  -0.15271067  0.00008684  0.00198731  32
40.0000  0.64557632  -0.11898063  0.65644891  -0.18225621  0.64566315  -0.11699332  0.00008684  0.00198731  32
40.1000  0.63325534  -0.08496424  0.63892977  -0.13337407  0.63334218  -0.08297694  0.00008684  0.00198731  32
40.2000  0.61714130  -0.05285837  0.61940083  -0.08544183  0.61722814  -0.05087107  0.00008684  0.00198731  32
40.3000  0.59750899  -0.02284470  0.59794555  -0.03821462  0.59759583  -0.02085739  0.00008684  0.00198731  32
40.4000  0.57465807  0.00492423  0.57467917  0.00856876  0.57474491  0.00691153  0.00008684  0.00198731  32
40.5000  0.54890984  0.03032591  0.54974691  0.05519142  0.54899667  0.03231322  0.00008684  0.00198731  32
40.6000  0.52060385  0.05326852  0.52332199  0.10196579  0.52069068  0.05525583  0.00008684  0.00198731  32
40.7000  0.49009439  0.07369121  0.49560358  0.14924324  0.49018122  0.07567852  0.00008684  0.00198731  32
40.8000  0.45774683  0.09156408  0.46681489  0.19742647  0.45783367  0.09355138  0.00008684  0.00198731  32
40.9000  0.42393392  0.10688786  0.43720131  0.24698546  0.42402076  0.10887516  0.00008684  0.00198731  32
41.0000  0.38903205  0.11969324  0.40702876  0.29847797  0.38911889  0.12168055  0.00008684  0.00198731  32
41.1000  0.35341748  0.13003997  0.37658241  0.35257559  0.35350432  0.13202728  0.00008684  0.00198731  32
41.2000  0.31746267  0.13801558  0.34616593  0.41009643  0.31754951  0.14000289  0.00008684  0.00198731  32
41.3000  0.28153261  0.14373388  0.31610131  0.47204462  0.28161945  0.14572118  0.00008684  0.00198731  32
41.4000  0.24598131  0.14733318  0.28672961  0.53965508  0.24606815  0.14932049  0.00008684  0.00198731  32
41.5000  0.21114840  0.14897431  0.25841244  0.61443654  0.21123523  0.15096162  0.00008684  0.00198731  32
41.6000  0.17735591  0.14883836  0.23153396  0.69819482  0.17744275  0.15082566  0.00008684  0.00198731  32
41.7000  0.14490527  0.14712424  0.20650201  0.79299645  0.14499211  0.14911155  0.00008684  0.00198731  32
41.8000  0.11407453  0.14404614  0.18374517  0.90099524  0.11416136  0.14603345  0.00008684  0.00198731  32
41.9000  0.08511579  0.13983075  0.16369892  1.02400006  0.08520263  0.14181806  0.00008684  0.00198731  32
42.0000  0.05825302  0.13471441  0.14676985  1.16265884  0.05833986  0.13670172  0.00008684  0.00198731  32
42.1000  0.03368008  0.12894021  0.13326637  1.31529807  0.03376692  0.13092752  0.00008684  0.00198731  32
42.2000  0.01155908  0.12275496  0.12329798  1.47690928  0.01164592  0.12474227  0.00008684  0.00198731  32
42.3000  -0.00798085  0.11640620  0.11667947  1.63924955  -0.00789401  0.11839351  0.00008684  0.00198731  32
42.4000  -0.02484457  0.11013921  0.11290659  1.79265728  -0.02475773  0.11212651  0.00008684  0.00198731  32
42.5000  -0.03897147  0.10419398  0.11124370  1.92871455  -0.03888463  0.10618129  0.00008684  0.00198731  32
42.6000  -0.05033571  0.09880240  0.11088551  2.04198194  -0.05024887  0.10078970  0.00008684  0.00198731  32
42.7000  -0.05894610  0.09418538  0.11111043  2.13000806  -0.05885927  0.09617268  0.00008684  0.00198731  32
42.8000  -0.06484072  0.09055006  0.11137160  2.19223027  -0.06475389  0.09253736  0.00008684  0.00198731  32
42.9000  -0.06810080  0.08808808  0.11134284  2.22891759  -0.06801396  0.09007539  0.00008684  0.00198731  32
43.0000  -0.06883482  0.08697207  0.11091607  2.24030757  -0.06874799  0.08895938  0.00008684  0.00198731  32
43.1000  -0.06718191  0.08735400  0.11020040  2.22639502  -0.06709507  0.08934130  0.00008684  0.00198731  32
43.2000  -0.06330995  0.08936325  0.10951685  2.18717509  -0.06322312  0.09135056  0.00008684  0.00198731  32
43.3000  -0.05741355  0.09310498  0.10938397  2.12337146  -0.05732672  0.09509228  0.00008684  0.00198731  32
43.4000  -0.04971157  0.09865864  0.11047519  2.03753870  -0.04962473  0.10064595  0.00008684  0.00198731  32
43.5000  -0.04044451  0.10607688  0.11352561  1.93505736  -0.04035767  0.10806419  0.00008684  0.00198731  32
43.6000  -0.02987165  0.11538469  0.11918868  1.82412201  -0.02978481  0.11737199  0.00008684  0.00198731  32
43.7000  -0.01826798  0.12657879  0.12789022  1.71412767  -0.01818114  0.12856609  0.00008684  0.00198731  32
43.8000  -0.00592099  0.13962747  0.13975295  1.61317653  -0.00583415  0.14153900  0.00008684  0.00191153  32
43.9000  0.00687849  0.15447081  0.15462388  1.52629633  0.00696533  0.15638234  0.00008684  0.00191153  32
44.0000  0.01982229  0.17102076  0.17216569  1.45540547  0.01990912  0.17293229  0.00008684  0.00191153  32
44.1000  0.03260581  0.18916158  0.19195114  1.40010351  0.03277472  0.19107311  0.00016891  0.00191153  32
44.2000  0.04492551  0.20875732  0.21353669  1.35882474  0.04509442  0.21066885  0.00016891  0.00191153  32
44.3000  0.05648278  0.22963419  0.23647868  1.32961557  0.05665169  0.23154572  0.00016891  0.00191153  32
44.4000  0.06698761  0.25160095  0.26036586  1.31058721  0.06715652  0.25351248  0.00016891  0.00191153  32
44.5000  0.07616171  0.27444442  0.28481634  1.30009593  0.07633062  0.27635596  0.00016891  0.00191153  32
44.6000  0.08374180  0.29793149  0.30947676  1.29678887  0.08391071  0.29984303  0.00016891  0.00191153  32
44.7000  0.08948275  0.32181140  0.33402057  1.29958786  0.08965166  0.32372293  0.00016891  0.00191153  32
44.8000  0.09316053  0.34581817  0.35814674  1.30765158  0.09332944  0.34772970  0.00016891  0.00191153  32
44.9000  0.09457493  0.36967326  0.38157927  1.32033457  0.09474384  0.37158480  0.00016891  0.00191153  32
45.0000  0.09355208  0.39308840  0.40406742  1.33715040  0.09372099  0.39499993  0.00016891  0.00191153  32
45.1000  0.08994667  0.41576844  0.42538665  1.35774128  0.09011558  0.41767998  0.00016891  0.00191153  32
45.2000  0.08364389  0.43741447  0.44534000  1.38185386  0.08381280  0.43932600  0.00016891  0.00191153  32
45.3000  0.07456108  0.45772684  0.46375986  1.40932032  0.07472999  0.45963837  0.00016891  0.00191153  32
45.4000  0.06264904  0.47640837  0.48050997  1.44004377  0.06281795  0.47831990  0.00016891  0.00191153  32
45.5000  0.04789298  0.49316747  0.49548753  1.47398689  0.04806189  0.49507900  0.00016891  0.00191153  32
45.6000  0.03031315  0.50772129  0.50862540  1.51116281  0.03048206  0.50963282  0.00016891  0.00191153  32
45.7000  0.00996508  0.51979881  0.51989432  1.55162764  0.01013399  0.52171034  0.00016891  0.00191153  32
45.8000  -0.01306049  0.52914383  0.52930498  1.59547363  -0.01289158  0.53105536  0.00016891  0.00191153  32
45.9000  -0.03863816  0.53551788  0.53690996  1.64282253  -0.03846924  0.53742941  0.00016891  0.00191153  32
46.0000  -0.06660860  0.53870298  0.54280531  1.69381818  -0.06643969  0.54061451  0.00016891  0.00191153  32
46.1000  -0.09677986  0.53850423  0.54713174  1.74861782  -0.09661095  0.54041576  0.00016891  0.00191153  32
46.2000  -0.12892881  0.53475221  0.55007506  1.80738123  -0.12875990  0.53666375  0.00016891  0.00191153  32
46.3000  -0.16280307  0.52730518  0.55186555  1.87025703  -0.16263416  0.52921671  0.00016891  0.00191153  32
46.4000  -0.19812317  0.51605098  0.55277608  1.93736573  -0.19795426  0.51796251  0.00016891  0.00191153  32
46.5000  -0.23458503  0.50090877  0.55311819  2.00877936  -0.23441612  0.50282030  0.00016891  0.00191153  32
46.6000  -0.27186273  0.48183042  0.55323584  2.08449830  -0.27169382  0.48374195  0.00016891  0.00191153  32
46.7000  -0.30961151  0.45880161  0.55349635  2.16442683  -0.30944260  0.46071315  0.00016891  0.00191153  32
46.8000  -0.34747100  0.43184269  0.55427809  2.24835043  -0.34730209  0.43375422  0.00016891  0.00191153  32
46.9000  -0.38506859  0.40100912  0.55595515  2.33591869  -0.38489967  0.40292065  0.00016891  0.00191153  32
47.0000  -0.42202305  0.36639169  0.55887953  2.42663877  -0.42185414  0.36830323  0.00016891  0.00191153  32
47.1000  -0.45794822  0.32811637  0.56336216  2.51988358  -0.45777931  0.33002790  0.00016891  0.00191153  32
47.2000  -0.49245677  0.28634381  0.56965467  2.61491722  -0.49228786  0.28825535  0.00016891  0.00191153  32
47.3000  -0.52516402  0.24126858  0.57793406  2.71093630  -0.52499511  0.24318011  0.00016891  0.00191153  32
47.4000  -0.55569186  0.19311802  0.58829246  2.80712250  -0.55552295  0.19502955  0.00016891  0.00191153  32
47.5000  -0.58367249  0.14215083  0.60073325  2.90269794  -0.58350358  0.14406236  0.00016891  0.00191153  32
47.6000  -0.60875226  0.08865535  0.61517403  2.99697483  -0.60858335  0.09056688  0.00016891  0.00191153  32
47.7000  -0.63059530  0.03294751  0.63145544  3.08939185  -0.63042639  0.03485905  0.00016891  0.00191153  32
47.8000  -0.64888710  -0.02463139  0.64935442  -3.10365144  -0.64871819  -0.02271985  0.00016891  0.00191153  32
47.9000  -0.66333783  -0.08371727  0.66859978  -3.01605030  -0.66316892  -0.08180574  0.00016891  0.00191153  32
48.0000  -0.67368560  -0.14392604  0.68888823  -2.93111699  -0.67351669  -0.14201450  0.00016891  0.00191153  32
48.1000  -0.67969932  -0.20485649  0.70989953  -2.84885854  -0.67953041  -0.20294496  0.00016891  0.00191153  32
48.2000  -0.68118143  -0.26609354  0.73130972  -2.76918524  -0.68101252  -0.26418201  0.00016891  0.00191153  32
48.3000  -0.67797030  -0.32721147  0.75280215  -2.69193417  -0.67780139  -0.32529994  0.00016891  0.00191153  32
48.4000  -0.66994230  -0.38777738  0.77407621  -2.61689074  -0.66977339  -0.38590227  0.00016891  0.00187511  32
48.5000  -0.65701073  -0.44735456  0.79485168  -2.54380503  -0.65684182  -0.44547945  0.00016891  0.00187511  32
48.6000  -0.63913564  -0.50550627  0.81488095  -2.47241180  -0.63896673  -0.50363116  0.00016891  0.00187511  32
48.7000  -0.61631647  -0.56179942  0.83394519  -2.40243628  -0.61614756  -0.55992431  0.00016891  0.00187511  32
48.8000  -0.58859543  -0.61580806  0.85185923  -2.33360405  -0.58842652  -0.61393295  0.00016891  0.00187511  32
48.9000  -0.55605782  -0.66711701  0.86847303  -2.26564692  -0.55588891  -0.66524190  0.00016891  0.00187511  32
49.0000  -0.51883182  -0.71532534  0.88367234  -2.19830694  -0.51866290  -0.71345023  0.00016891  0.00187511  28
49.1000  -0.47708709  -0.76004983  0.89737832  -2.13133846  -0.47691818  -0.75817472  0.00016891  0.00187511  32
49.2000  -0.43103566  -0.80092818  0.90954807  -2.06451179  -0.43086674  -0.79905307  0.00016891  0.00187511  32
49.3000  -0.38092965  -0.83762224  0.92017303  -1.99761404  -0.38076074  -0.83574712  0.00016891  0.00187511  32
49.4000  -0.32705964  -0.86982095  0.92927740  -1.93045043  -0.32689073  -0.86794584  0.00016891  0.00187511  32
49.5000  -0.26975255  -0.89724313  0.93691604  -1.86284567  -0.26958364  -0.89536802  0.00016891  0.00187511  32
49.6000  -0.20936928  -0.91963997  0.94317186  -1.79464533  -0.20920037  -0.91776485  0.00016891  0.00187511  32
49.7000  -0.14630191  -0.93679729  0.94815264  -1.72571735  -0.14613300  -0.93492218  0.00016891  0.00187511  32
49.8000  -0.08097071  -0.94853756  0.95198727  -1.65595362  -0.08080180  -0.94666245  0.00016891  0.00187511  32
49.9000  -0.01382080  -0.95472152  0.95482155  -1.58527158  -0.01365189  -0.95284641  0.00016891  0.00187511  32
50.0000  0.05468146  -0.95524962  0.95681341  -1.51361562  0.05485037  -0.95337450  0.00016891  0.00187511  32
